site,A,C,D,E,F,G,H,I,K,L,M,N,P,Q,R,S,T,V,W,Y
1,0.019563900000000002,0.0687262,0.00609787,0.017772,0.07974550000000001,0.012182700000000001,0.00952487,0.18198,0.0106004,0.0931062,0.199178,0.0212839,0.00712132,0.043158300000000004,0.00644045,0.0157542,0.032503899999999995,0.14836,0.0120996,0.014800299999999999
2,0.028153300000000003,0.0407798,0.014634600000000001,0.0304915,0.0507932,0.015606,0.050876199999999996,0.0633104,0.33402,0.043897399999999996,0.0314433,0.0402887,0.025573,0.0319247,0.051156599999999997,0.019510800000000002,0.0411212,0.0327214,0.0236847,0.030013599999999998
3,0.00693145,0.042292800000000005,0.0127389,0.00855821,0.38010700000000003,0.008964399999999999,0.015162,0.0183161,0.00803194,0.0479451,0.0394293,0.00814694,0.00756235,0.00781966,0.00614747,0.0174868,0.00861131,0.0100074,0.0136375,0.33210300000000004
4,0.028069,0.0338299,0.057732900000000004,0.206454,0.0955007,0.031473400000000006,0.0241502,0.024235200000000002,0.0487095,0.028390600000000002,0.0332089,0.0639354,0.048332400000000005,0.054594100000000007,0.0107387,0.0352355,0.0315042,0.0321619,0.0436875,0.0680552
5,0.0146269,0.016844099999999997,0.0279704,0.0391175,0.0426223,0.0447361,0.23019299999999998,0.045161099999999996,0.011537899999999999,0.0934447,0.0181055,0.031312099999999995,0.00994681,0.0967906,0.0199624,0.0278783,0.0247815,0.10236,0.0340954,0.06851389999999999
6,0.0119329,0.0744074,0.076414,0.0264661,0.0158678,0.04519,0.0846356,0.07514370000000001,0.0347594,0.0504779,0.0126244,0.07661710000000001,0.0362302,0.0570613,0.0792454,0.023178999999999998,0.052061800000000005,0.07846239999999999,0.036250199999999996,0.052973
7,0.0435761,0.0160144,0.0215501,0.016354399999999998,0.044815,0.0215765,0.103743,0.193046,0.0521111,0.07753639999999999,0.0395057,0.0237676,0.023384099999999998,0.033407,0.060205299999999996,0.045621300000000004,0.0552885,0.0499332,0.0242743,0.0542899
8,0.00594873,0.11776500000000001,0.315506,0.0294593,0.010731200000000002,0.020568200000000002,0.021549099999999998,0.012155,0.00818653,0.0100458,0.014810499999999999,0.24246700000000002,0.00724826,0.017197900000000002,0.00389306,0.111518,0.00560816,0.0149929,0.00914737,0.021202900000000004
9,0.0447649,0.0408461,0.00593196,0.0196349,0.0132984,0.05834930000000001,0.0350784,0.0169898,0.045588699999999996,0.0211609,0.035245900000000004,0.0438963,0.228388,0.133638,0.0332973,0.062244100000000004,0.039956599999999995,0.0579061,0.0452281,0.0185568
10,0.027129200000000003,0.022270599999999998,0.033429400000000005,0.019237999999999998,0.305679,0.0144421,0.0284589,0.0174776,0.0673274,0.0439205,0.0207243,0.0330156,0.01568,0.051074800000000004,0.0316714,0.053509100000000004,0.016959099999999998,0.028712099999999997,0.0628386,0.10644200000000001
11,0.0650539,0.030234300000000002,0.00756909,0.0184011,0.0138582,0.00973399,0.016521599999999997,0.00449008,0.07019260000000001,0.011888,0.0575163,0.020559900000000002,0.014727700000000002,0.563811,0.026342200000000003,0.0167,0.00994204,0.00795495,0.023923,0.0105799
12,0.0544174,0.0341874,0.0210545,0.026614099999999995,0.10560399999999999,0.10498299999999999,0.0762304,0.0294438,0.049818699999999994,0.0576622,0.0218284,0.0183037,0.0152327,0.00860048,0.102403,0.132441,0.013744799999999998,0.0235505,0.0561971,0.0476821
13,0.0748294,0.100452,0.026102499999999997,0.0195671,0.021566,0.048412000000000004,0.051689099999999995,0.0277298,0.0216638,0.030179200000000003,0.0297983,0.0221737,0.045462300000000004,0.0719619,0.00878381,0.249748,0.0620524,0.0416834,0.0273171,0.018828599999999997
14,0.0350005,0.027289099999999997,0.0261469,0.0151189,0.118075,0.0118446,0.12322999999999999,0.0181198,0.010499799999999998,0.00940673,0.0124472,0.0249658,0.0098815,0.0137731,0.0183731,0.0112096,0.0138917,0.0228237,0.044095300000000004,0.433807
15,0.014538200000000001,0.031119099999999997,0.017811599999999997,0.0439224,0.5351560000000001,0.0157681,0.0250975,0.03375,0.023237999999999998,0.045047500000000004,0.0283168,0.0114933,0.0127978,0.017868000000000002,0.012870500000000002,0.0243468,0.0194435,0.027955900000000002,0.0156215,0.0438375
16,0.0143822,0.0244619,0.028145099999999996,0.0216247,0.036336900000000005,0.0511241,0.019875900000000002,0.022805900000000004,0.07560089999999998,0.014007200000000001,0.0286126,0.0734241,0.0169074,0.016944499999999998,0.44636499999999996,0.0320319,0.021806799999999998,0.0214827,0.0240858,0.00997497
17,0.130349,0.0127374,0.00919393,0.0449048,0.018292,0.0223707,0.0124383,0.00871763,0.0140623,0.026289499999999997,0.0287632,0.0131361,0.37556300000000004,0.024807299999999997,0.0736154,0.0682579,0.0520913,0.0330282,0.020281099999999996,0.0111013
18,0.038707599999999995,0.0499739,0.0211237,0.042719599999999996,0.011316,0.0432831,0.031059800000000002,0.0326851,0.0517878,0.0246323,0.0505769,0.14435599999999998,0.0357061,0.0625585,0.0288189,0.0500105,0.136177,0.12202400000000001,0.00665544,0.0158274
19,0.156727,0.027589599999999995,0.0191005,0.0182348,0.07897860000000001,0.30887600000000004,0.028964099999999996,0.0247456,0.0178432,0.0170933,0.0353879,0.011372700000000001,0.00627052,0.030397399999999998,0.014194499999999999,0.0891798,0.0229682,0.0154841,0.0543634,0.022228400000000002
20,0.118024,0.036313099999999994,0.030659199999999998,0.143273,0.033051199999999996,0.0263916,0.0314748,0.0558374,0.0338608,0.0784705,0.0592101,0.0402673,0.00333326,0.0463529,0.028915499999999997,0.0563154,0.05372949999999999,0.0701797,0.022180599999999998,0.0321598
21,0.020885499999999998,0.103328,0.008538500000000001,0.00649496,0.21770799999999998,0.012727200000000001,0.0747535,0.149122,0.0118256,0.0570565,0.0452426,0.0120853,0.0224909,0.0264469,0.038464099999999994,0.038639,0.053762800000000006,0.0256627,0.016418099999999998,0.058347800000000005
22,0.167182,0.019971,0.012643399999999999,0.00459155,0.00961141,0.0533556,0.0194716,0.016273,0.0219725,0.0186994,0.0135135,0.0174392,0.274941,0.0262129,0.0245086,0.13538599999999998,0.080261,0.07176360000000001,0.00728487,0.00491813
23,0.0278586,0.0257574,0.0991868,0.294744,0.029502299999999995,0.0567957,0.0318592,0.0363479,0.0408578,0.026379400000000004,0.0384144,0.0209877,0.014589099999999999,0.0507716,0.0223649,0.022957400000000003,0.06080880000000001,0.0339189,0.0414362,0.0244613
24,0.023495,0.0147907,0.016863200000000002,0.0380197,0.017981,0.57952,0.019635800000000002,0.00998741,0.021396099999999998,0.017984,0.0274441,0.014558000000000001,0.025635700000000004,0.0327048,0.025005799999999998,0.0238028,0.017975900000000003,0.023083900000000004,0.0326783,0.017437099999999997
25,0.028559699999999997,0.0424822,0.0240822,0.0328709,0.0198238,0.012871500000000001,0.0221995,0.036463800000000005,0.01766,0.046288,0.043380699999999994,0.0385444,0.0251946,0.015577500000000001,0.0215505,0.0675817,0.376161,0.0820755,0.0284946,0.0181385
26,0.137853,0.06700880000000001,0.0162496,0.00929616,0.054775300000000006,0.150858,0.08417899999999999,0.026949400000000002,0.0109488,0.01781,0.0125113,0.0184148,0.177494,0.013931299999999999,0.0144703,0.043936300000000005,0.0147401,0.0380223,0.057885400000000004,0.032665
27,0.0849995,0.0406481,0.039791599999999996,0.0189544,0.0201828,0.013859,0.0066824,0.167024,0.0181078,0.0635966,0.14268599999999998,0.00962795,0.00798636,0.0195859,0.0130244,0.0228523,0.09422389999999999,0.188997,0.012853299999999998,0.014316399999999998
28,0.00856384,0.0301745,0.0369665,0.029848400000000004,0.0747653,0.0082304,0.0404788,0.0851465,0.00937552,0.087525,0.0680941,0.032857599999999994,0.00723582,0.024380799999999998,0.0124875,0.0320925,0.12028399999999999,0.0555279,0.0278101,0.208155
29,0.342181,0.0153683,0.00907355,0.026737900000000002,0.0234761,0.0384523,0.056411300000000004,0.0222084,0.0276779,0.049964499999999995,0.0259711,0.028738599999999996,0.029183299999999995,0.0370106,0.06305319999999999,0.021463,0.0510961,0.042854,0.0361728,0.052906100000000005
30,0.11809700000000001,0.0251521,0.014016399999999998,0.015296700000000002,0.0105431,0.0312422,0.0346352,0.0167245,0.024372900000000003,0.015409899999999999,0.03345530000000001,0.025818,0.029002099999999996,0.26809499999999997,0.0198915,0.261838,0.0133842,0.015062,0.0136873,0.014277799999999998
31,0.0407702,0.020037,0.161686,0.247752,0.0194611,0.036125199999999996,0.0297695,0.018441700000000002,0.048024800000000006,0.023906200000000002,0.0267084,0.0661904,0.0171549,0.031045499999999997,0.0184323,0.029202099999999995,0.0704569,0.0527654,0.0229549,0.0191143
32,0.049325,0.09098439999999999,0.0292735,0.024509799999999998,0.0522611,0.103424,0.05262909999999999,0.0423452,0.040055900000000005,0.0490369,0.029505299999999998,0.108385,0.0573854,0.0592447,0.0204332,0.031164999999999998,0.057001199999999995,0.0307579,0.018776599999999997,0.053501599999999996
33,0.0826591,0.020968999999999998,0.023809999999999998,0.011925,0.0341466,0.026842599999999998,0.05629869999999999,0.0226877,0.140414,0.0255918,0.0209396,0.011028399999999999,0.050839800000000004,0.0992545,0.178038,0.0461139,0.0738328,0.0502154,0.0139547,0.010439
34,0.658251,0.00668612,0.0052911,0.029640100000000003,0.00564699,0.019847999999999998,0.00767229,0.00414258,0.00780895,0.00182799,0.0367587,0.00517087,0.00934743,0.00390342,0.00596331,0.014460299999999999,0.0138282,0.148105,0.00982134,0.00582609
35,0.0526172,0.0222735,0.00486324,0.00475273,0.0699613,0.0682876,0.171426,0.00946209,0.0298682,0.0520479,0.015177200000000002,0.0237644,0.0221156,0.0296832,0.171571,0.11115599999999999,0.057874800000000004,0.030282299999999998,0.034618800000000005,0.0181977
36,0.0521321,0.0167457,0.0226179,0.0180415,0.0138966,0.07228,0.053940999999999996,0.024116400000000003,0.12196099999999999,0.00969002,0.033417699999999995,0.0158882,0.0118405,0.0586302,0.242615,0.06981180000000001,0.0171338,0.0128796,0.08299930000000001,0.049361800000000004
37,0.017596599999999997,0.019899299999999998,0.0121733,0.0189026,0.0271594,0.0238144,0.014895600000000002,0.04095530000000001,0.0238032,0.10541500000000001,0.504455,0.0273692,0.0135386,0.0205825,0.0149053,0.0241143,0.0283378,0.0269356,0.016518900000000003,0.018627900000000003
38,0.0149931,0.013857399999999999,0.023581400000000002,0.0183077,0.0121472,0.0210312,0.6035,0.010628799999999999,0.0158406,0.019115299999999998,0.0158507,0.036235500000000004,0.0166785,0.05935409999999999,0.020011900000000003,0.0218016,0.012063500000000001,0.010537399999999999,0.018063,0.0364009
39,0.0381985,0.0197142,0.0216811,0.043963199999999994,0.029457599999999997,0.016017,0.020448400000000002,0.0380759,0.390807,0.017742400000000002,0.0265132,0.039680400000000005,0.0118585,0.05805980000000001,0.048882,0.0626511,0.028651999999999997,0.0155881,0.0205262,0.051482900000000005
40,0.0201513,0.028114,0.0101846,0.0146906,0.0118543,0.0210455,0.0282577,0.0201775,0.0242518,0.0143767,0.0292579,0.0179163,0.0168578,0.0405543,0.5957859999999999,0.0260829,0.015944200000000002,0.0234689,0.019856099999999998,0.021171099999999998
41,0.11001400000000001,0.0634217,0.011152200000000001,0.019432599999999998,0.0685614,0.0403293,0.0142541,0.0146786,0.09552189999999999,0.012442100000000001,0.048501300000000004,0.0955928,0.017663400000000003,0.0110289,0.0193861,0.040884,0.128556,0.030015800000000002,0.024972799999999996,0.13359200000000002
42,0.161775,0.096688,0.00914098,0.0133861,0.00562813,0.0355666,0.0142257,0.020201,0.0162783,0.016134100000000002,0.036208300000000006,0.0407501,0.00489243,0.027944999999999998,0.0263214,0.387243,0.05386080000000001,0.00611975,0.0134218,0.014214300000000001
43,0.05997809999999999,0.0170422,0.0423626,0.353014,0.029561900000000002,0.0441333,0.024171400000000003,0.0244823,0.0438861,0.021247,0.020168900000000003,0.037562,0.017795599999999998,0.0897644,0.014416299999999998,0.026766599999999998,0.03806280000000001,0.04452469999999999,0.0253428,0.025717700000000003
44,0.08178150000000001,0.0333402,0.0890235,0.20119,0.021427599999999998,0.023272099999999997,0.029827600000000003,0.0765493,0.0144658,0.0358575,0.0122306,0.0253231,0.0672586,0.0651938,0.00661333,0.0275628,0.0431078,0.100218,0.0180484,0.0277065
45,0.030424,0.06928510000000002,0.017990400000000004,0.028380000000000002,0.015326499999999998,0.0355292,0.0500105,0.0215321,0.045737400000000004,0.036362,0.06985319999999999,0.0106328,0.0324237,0.413836,0.0256796,0.0104162,0.027685500000000002,0.0119897,0.0274019,0.0195044
46,0.0172546,0.0139571,0.00967777,0.040786699999999995,0.0134582,0.029254000000000002,0.0274453,0.020003599999999996,0.483212,0.022463999999999998,0.05782140000000001,0.0193574,0.016560299999999997,0.0497972,0.0690554,0.014749799999999999,0.0171644,0.024975599999999997,0.0350265,0.0179782
47,0.021777099999999997,0.0519957,0.013951400000000001,0.014769999999999998,0.055322500000000004,0.0338579,0.0488024,0.0204899,0.0172735,0.080214,0.0158931,0.0351855,0.021725599999999998,0.0349851,0.022553599999999997,0.111169,0.00963726,0.0368555,0.0417693,0.311771
48,0.0856839,0.0328159,0.017314,0.012454600000000001,0.049605,0.0388977,0.016861599999999997,0.0181293,0.018520500000000002,0.0167391,0.013385399999999999,0.014454399999999997,0.032356,0.0113456,0.0491002,0.41031599999999996,0.093762,0.0158951,0.0239429,0.028421
49,0.141452,0.027702499999999998,0.00686868,0.0141625,0.0110606,0.153924,0.0082889,0.023902700000000002,0.00782201,0.0121112,0.0105597,0.0306993,0.0999152,0.0298616,0.0171417,0.297398,0.06858210000000001,0.00775931,0.018080099999999998,0.012708200000000001
50,0.0499516,0.013322299999999999,0.015866599999999998,0.0167333,0.0125714,0.014294799999999998,0.0150605,0.025566,0.049641000000000005,0.016630900000000004,0.05429830000000001,0.020355500000000002,0.0110007,0.019662,0.0213952,0.11721300000000001,0.47178100000000006,0.0214076,0.0235304,0.00971765
51,0.0223877,0.0174945,0.091921,0.45593,0.0228444,0.022822400000000003,0.0160007,0.0133428,0.0483374,0.012460500000000001,0.017503599999999998,0.04172530000000001,0.036166699999999996,0.057967899999999996,0.011514700000000001,0.013761099999999998,0.0185903,0.036199300000000004,0.0236422,0.0193881
52,0.016740900000000003,0.019356900000000003,0.028852099999999995,0.0118215,0.013608100000000001,0.019859599999999998,0.015560299999999997,0.0310377,0.037639099999999995,0.00991801,0.0191255,0.0177367,0.014447299999999998,0.0245476,0.605563,0.030642900000000004,0.022578099999999997,0.0128678,0.0161985,0.0318975
53,0.0381985,0.0197142,0.0216811,0.043963199999999994,0.029457599999999997,0.016017,0.020448400000000002,0.0380759,0.390807,0.017742400000000002,0.0265132,0.039680400000000005,0.0118585,0.05805980000000001,0.048882,0.0626511,0.028651999999999997,0.0155881,0.0205262,0.051482900000000005
54,0.013231200000000002,0.025132299999999996,0.02341,0.00918348,0.0318372,0.0189375,0.0230657,0.032962,0.020607900000000002,0.535929,0.053728599999999994,0.0177384,0.0247368,0.038884300000000004,0.0289356,0.031141500000000003,0.0156452,0.017151800000000002,0.021168799999999998,0.0165732
55,0.034799699999999996,0.019825,0.026355299999999998,0.0526538,0.0118896,0.5601229999999999,0.0291832,0.010624799999999998,0.0141515,0.015128799999999998,0.017452799999999997,0.036658699999999995,0.00924419,0.0325992,0.0261767,0.029474900000000002,0.0214225,0.0194692,0.0138245,0.0189423
56,0.0366778,0.025625400000000003,0.00898704,0.013354,0.0107542,0.011504200000000001,0.05796799999999999,0.0240982,0.09434780000000001,0.053249,0.0412103,0.0252162,0.134416,0.08014349999999999,0.053402599999999995,0.0362792,0.18520599999999998,0.0644968,0.03266,0.0104037
57,0.038707599999999995,0.0499739,0.0211237,0.042719599999999996,0.011316,0.0432831,0.031059800000000002,0.0326851,0.0517878,0.0246323,0.0505769,0.14435599999999998,0.0357061,0.0625585,0.0288189,0.0500105,0.136177,0.12202400000000001,0.00665544,0.0158274
58,0.0191454,0.021013900000000002,0.023631700000000002,0.018687400000000003,0.0411998,0.00650182,0.0368717,0.11577,0.020699799999999997,0.0697893,0.09362050000000001,0.0260406,0.0241542,0.0855152,0.0071792,0.0109742,0.0424887,0.310177,0.0121317,0.014408100000000002
59,0.113351,0.0772528,0.0435425,0.037424900000000004,0.0187275,0.18043199999999998,0.034062699999999994,0.038313099999999996,0.024741299999999997,0.0191605,0.031576599999999996,0.018779499999999998,0.0413732,0.10512,0.0236208,0.100329,0.051855,0.028640199999999998,0.00405379,0.0076438999999999995
60,0.07575019999999999,0.015477600000000001,0.0107923,0.0282835,0.0162802,0.0224265,0.0806079,0.0288216,0.163437,0.0192968,0.0158612,0.038175,0.0134935,0.032000299999999995,0.318508,0.0165114,0.0273714,0.014035399999999998,0.017353999999999998,0.0455159
61,0.12503599999999998,0.070211,0.020890400000000003,0.016075700000000002,0.0219894,0.0147512,0.32755300000000004,0.0181757,0.0257695,0.0159537,0.0463355,0.0367083,0.0156862,0.0764192,0.0236626,0.0390674,0.0301199,0.022762900000000003,0.028868500000000002,0.0239644
62,0.187161,0.100881,0.00546468,0.0208395,0.0399321,0.0282135,0.07666310000000001,0.0336302,0.035838,0.00683296,0.0835889,0.040595400000000004,0.0138429,0.019229200000000002,0.0119386,0.0412202,0.0997038,0.122339,0.00943993,0.0226447
63,0.0195757,0.029622900000000004,0.0406366,0.0394483,0.05993430000000001,0.0672898,0.0703093,0.0125492,0.06411259999999999,0.0573401,0.023066,0.033198000000000005,0.0251468,0.112687,0.141824,0.0633722,0.0247712,0.0361745,0.0668192,0.012122299999999999
64,0.327206,0.0522256,0.012628700000000001,0.0255571,0.0124717,0.045074199999999995,0.0162431,0.0750033,0.014677299999999999,0.0132649,0.0304911,0.0242281,0.125147,0.0214549,0.0212601,0.049507,0.0332481,0.0428671,0.0332917,0.0241519
65,0.0213793,0.049813699999999995,0.0244668,0.0168565,0.022998599999999998,0.07747319999999999,0.026261400000000004,0.03650490000000001,0.0142704,0.0284918,0.027235900000000004,0.0639624,0.00844963,0.017989500000000002,0.0501642,0.39624000000000004,0.0388316,0.0253365,0.0277332,0.025540900000000002
66,0.658251,0.00668612,0.0052911,0.029640100000000003,0.00564699,0.019847999999999998,0.00767229,0.00414258,0.00780895,0.00182799,0.0367587,0.00517087,0.00934743,0.00390342,0.00596331,0.014460299999999999,0.0138282,0.148105,0.00982134,0.00582609
67,0.018869999999999998,0.128383,0.017116299999999997,0.0351194,0.09421410000000001,0.0168446,0.0945248,0.0288393,0.0444798,0.0333949,0.0133281,0.026382,0.00892886,0.0213829,0.0205165,0.015365700000000001,0.0126789,0.0158291,0.0554851,0.298317
68,0.013111700000000002,0.0223144,0.13596,0.408273,0.030473700000000003,0.0215357,0.00822106,0.0115054,0.0594038,0.0446622,0.014534700000000001,0.0201586,0.00436936,0.0203546,0.116798,0.016092,0.0165091,0.0175781,0.011315500000000001,0.00682944
69,0.0447468,0.0286964,0.0300954,0.0205397,0.0204114,0.0425471,0.024824000000000002,0.0208291,0.021159900000000002,0.025645599999999998,0.068173,0.23298400000000002,0.0177082,0.0250999,0.0135031,0.053414699999999996,0.155376,0.026907499999999997,0.10428399999999999,0.023053599999999997
70,0.034575699999999994,0.030782900000000002,0.012407099999999999,0.017878,0.0361158,0.0280745,0.0316028,0.0332876,0.015747999999999998,0.0403911,0.0278865,0.019243200000000002,0.0084243,0.0217865,0.029907200000000002,0.10958299999999999,0.019655799999999998,0.0211777,0.428275,0.0331977
71,0.0492568,0.08571010000000001,0.0216252,0.0650067,0.0220281,0.044963699999999995,0.061765499999999994,0.0528156,0.0266305,0.085858,0.044636,0.035531599999999997,0.0154589,0.017615400000000003,0.00942821,0.05909119999999999,0.030443,0.200587,0.0234794,0.0480694
72,0.0157815,0.0105659,0.0143067,0.013260399999999999,0.0196155,0.017796,0.0156689,0.00901136,0.23731100000000002,0.011177600000000001,0.11320999999999999,0.013041299999999999,0.012228600000000001,0.013184399999999999,0.358981,0.0305555,0.028521499999999998,0.022453599999999997,0.0341649,0.00916507
73,0.0577496,0.07881569999999999,0.0120417,0.019824900000000003,0.10317,0.00897672,0.14829900000000001,0.0130756,0.0195755,0.022797900000000003,0.0379938,0.0338253,0.00514602,0.1281,0.0328361,0.0600702,0.08167289999999999,0.020281599999999997,0.0345324,0.0812154
74,0.0231326,0.0201735,0.012048,0.0353582,0.027900799999999996,0.0201735,0.0424871,0.0334346,0.46115500000000004,0.022566299999999997,0.026266700000000004,0.06504299999999999,0.0140966,0.0645111,0.0226975,0.0210798,0.0229463,0.0230793,0.023199599999999997,0.0186509
75,0.10611,0.0086727,0.053441499999999996,0.0332666,0.046093,0.0890355,0.0474181,0.0169535,0.0668347,0.043501,0.044897900000000004,0.051369500000000005,0.00944169,0.055537199999999995,0.064496,0.026873,0.092537,0.040376800000000004,0.023033,0.0801122
76,0.0486431,0.025221900000000002,0.034452300000000005,0.0106782,0.0374593,0.08991560000000001,0.00914298,0.354652,0.014542700000000002,0.0384483,0.0421103,0.0392998,0.00897881,0.017754699999999998,0.0077277,0.024235,0.0641982,0.08782419999999999,0.0234341,0.021280900000000002
77,0.0195757,0.029622900000000004,0.0406366,0.0394483,0.05993430000000001,0.0672898,0.0703093,0.0125492,0.06411259999999999,0.0573401,0.023066,0.033198000000000005,0.0251468,0.112687,0.141824,0.0633722,0.0247712,0.0361745,0.0668192,0.012122299999999999
78,0.027984500000000002,0.0210548,0.0351855,0.44453100000000006,0.0228118,0.0352188,0.0422249,0.0229738,0.034561,0.0206612,0.0320164,0.022366999999999998,0.033483099999999995,0.0332095,0.0165057,0.0238312,0.0374545,0.0344649,0.026260500000000003,0.0331998
79,0.0255857,0.0417151,0.0545341,0.0188317,0.0238326,0.0508886,0.0310986,0.060463300000000005,0.0200673,0.055053599999999994,0.024742300000000002,0.0648782,0.0193025,0.155135,0.0339414,0.10503900000000001,0.129457,0.0249463,0.014616899999999999,0.0458708
80,0.00968725,0.015172,0.0123782,0.0329928,0.013502200000000002,0.00847143,0.00863032,0.014819899999999999,0.47732600000000003,0.00765555,0.026902699999999998,0.0279678,0.00983972,0.0156815,0.258171,0.02125,0.00888895,0.00622855,0.013369999999999998,0.0110656
81,0.012945600000000002,0.027285300000000002,0.045712199999999995,0.011809100000000001,0.0989683,0.014952200000000002,0.0142308,0.0262134,0.014661000000000002,0.01891,0.0190555,0.014464700000000002,0.0140101,0.0122165,0.0220274,0.023446099999999997,0.00895879,0.017031400000000002,0.44544700000000004,0.137655
82,0.0299577,0.0187928,0.018763400000000003,0.0219672,0.016310599999999998,0.0165816,0.0840673,0.0347361,0.029674700000000002,0.015336099999999998,0.026779700000000004,0.0218001,0.0220945,0.0186915,0.466692,0.04173,0.023485699999999998,0.0174858,0.0354916,0.039561599999999995
83,0.11896,0.036964699999999996,0.0115874,0.019893200000000003,0.04159330000000001,0.0761401,0.055751499999999996,0.00803341,0.043135900000000005,0.0192757,0.0266413,0.056973,0.019602599999999998,0.0381728,0.0157864,0.24147,0.09694080000000001,0.0178943,0.0267035,0.0284806
84,0.0182774,0.0422607,0.00996809,0.0162303,0.0128244,0.00627308,0.0202343,0.24453699999999998,0.0200868,0.08353189999999999,0.111848,0.045382,0.00705497,0.0449108,0.015584700000000002,0.0385064,0.0733748,0.156144,0.013081200000000001,0.0198893
85,0.038495800000000004,0.159494,0.0112397,0.022216200000000002,0.0347459,0.0128106,0.0155018,0.191916,0.0253937,0.0358521,0.0889667,0.0209473,0.0138406,0.016498500000000003,0.0119388,0.016974700000000002,0.106548,0.150497,0.0133464,0.0127765
86,0.013089400000000001,0.0250693,0.0179517,0.028270599999999996,0.02961,0.0110306,0.0439,0.0645779,0.042367300000000004,0.0925545,0.431388,0.015228299999999998,0.017666499999999998,0.028505700000000002,0.0138382,0.014085,0.0373725,0.029062599999999997,0.0250125,0.019419
87,0.061440999999999996,0.0507704,0.0357616,0.0340904,0.029117700000000003,0.050854699999999996,0.0185971,0.10977999999999999,0.0243446,0.0321519,0.043184600000000004,0.0210545,0.00247211,0.0157039,0.0178818,0.0231821,0.0382429,0.33921799999999996,0.0247761,0.0273731
88,0.198658,0.08641669999999999,0.0241901,0.0250674,0.011908499999999999,0.0710718,0.020261599999999998,0.013757499999999999,0.0101723,0.011993299999999998,0.030736000000000003,0.011829000000000001,0.0177275,0.010276100000000002,0.00579587,0.175261,0.08607050000000001,0.161907,0.015102700000000002,0.011797
89,0.029928899999999998,0.037556599999999996,0.0322937,0.021144,0.0402236,0.016074,0.0522745,0.0226439,0.24905500000000003,0.058193100000000005,0.0217364,0.018628799999999997,0.0181774,0.033161699999999995,0.23440500000000003,0.0234209,0.0254849,0.025912599999999997,0.0205174,0.0191672
90,0.030424,0.06928510000000002,0.017990400000000004,0.028380000000000002,0.015326499999999998,0.0355292,0.0500105,0.0215321,0.045737400000000004,0.036362,0.06985319999999999,0.0106328,0.0324237,0.413836,0.0256796,0.0104162,0.027685500000000002,0.0119897,0.0274019,0.0195044
91,0.00693145,0.042292800000000005,0.0127389,0.00855821,0.38010700000000003,0.008964399999999999,0.015162,0.0183161,0.00803194,0.0479451,0.0394293,0.00814694,0.00756235,0.00781966,0.00614747,0.0174868,0.00861131,0.0100074,0.0136375,0.33210300000000004
92,0.0296908,0.044013,0.161003,0.007284100000000001,0.016793799999999998,0.05203290000000001,0.0510321,0.0115655,0.07920310000000001,0.08808669999999999,0.0326242,0.11602799999999999,0.012229299999999999,0.054934800000000006,0.08406369999999999,0.046588199999999996,0.0514752,0.042932099999999994,0.00626424,0.0121551
93,0.015222799999999998,0.015950100000000002,0.0125729,0.0146519,0.04885,0.016566400000000002,0.029764099999999995,0.025947700000000004,0.030773599999999998,0.0273269,0.49575,0.06688839999999999,0.0185944,0.0135049,0.014620099999999999,0.0412534,0.033037000000000004,0.0452588,0.0158257,0.017640799999999998
94,0.13172999999999999,0.058732000000000006,0.06074209999999999,0.0809862,0.0310642,0.12176600000000001,0.0672206,0.0560433,0.032491700000000005,0.0609864,0.0410656,0.0362468,0.0075547,0.023962999999999998,0.0272007,0.040144900000000004,0.0390853,0.0384713,0.0171981,0.027306900000000002
95,0.017315999999999998,0.026288,0.0526414,0.394243,0.012852100000000002,0.0316299,0.021699200000000002,0.013757,0.0359802,0.043685800000000004,0.0267913,0.06199169999999999,0.0243741,0.0374052,0.0189791,0.039718199999999995,0.061793799999999996,0.0320518,0.0190181,0.027783999999999996
96,0.158806,0.00612984,0.019775099999999997,0.012682200000000001,0.0120511,0.144576,0.0328048,0.0322925,0.056333900000000006,0.0167088,0.0220174,0.027348900000000002,0.0251933,0.0170516,0.126898,0.0861482,0.061691499999999996,0.103209,0.0283493,0.00993191
97,0.135827,0.08502989999999999,0.0176396,0.0148559,0.016707,0.012479500000000001,0.013392500000000002,0.0332864,0.031259800000000004,0.012520299999999998,0.0201322,0.0111426,0.0150019,0.00755661,0.023191800000000002,0.147478,0.238833,0.14390899999999998,0.00960764,0.0101494
98,0.015332299999999998,0.021159099999999997,0.011740500000000001,0.00977719,0.00725145,0.129175,0.0184433,0.0232578,0.035780599999999996,0.00478476,0.00642203,0.0728541,0.00376488,0.10256099999999999,0.173265,0.111937,0.113646,0.10621400000000002,0.00552994,0.0271038
99,0.14824,0.0481377,0.024960800000000002,0.00722667,0.0504315,0.0647111,0.0268223,0.02198,0.0502805,0.0784579,0.10194600000000001,0.015129499999999999,0.0224445,0.019702900000000002,0.0845794,0.0512395,0.125813,0.019158500000000002,0.0296007,0.00913822
100,0.07802150000000001,0.026440699999999998,0.0111135,0.00812347,0.025315200000000003,0.052294799999999995,0.0155778,0.036740800000000004,0.0546235,0.058885599999999996,0.10713199999999999,0.0321654,0.00299863,0.0377593,0.115904,0.128546,0.0197858,0.0987706,0.059259000000000006,0.0305418
101,0.0641057,0.0161919,0.0606116,0.32545100000000005,0.0108074,0.0207418,0.0469876,0.024022099999999998,0.0799309,0.0495707,0.0840718,0.0555739,0.0282119,0.02907,0.0134721,0.00785969,0.018042700000000002,0.033851599999999996,0.0193172,0.0121083
102,0.0140262,0.0189402,0.0107543,0.0112262,0.00708997,0.011090899999999999,0.011081200000000001,0.115547,0.0240928,0.18995399999999998,0.44566999999999996,0.00969358,0.00749549,0.0230888,0.0109037,0.0125858,0.0185043,0.033242400000000005,0.0134327,0.0115802
103,0.013231200000000002,0.025132299999999996,0.02341,0.00918348,0.0318372,0.0189375,0.0230657,0.032962,0.020607900000000002,0.535929,0.053728599999999994,0.0177384,0.0247368,0.038884300000000004,0.0289356,0.031141500000000003,0.0156452,0.017151800000000002,0.021168799999999998,0.0165732
104,0.0179294,0.020774900000000002,0.0121929,0.016041399999999997,0.0417203,0.0225776,0.034812699999999995,0.355675,0.012193700000000002,0.117676,0.047437400000000005,0.0414599,0.00959428,0.0213657,0.0101545,0.045768,0.048955,0.08583439999999999,0.0273864,0.010449700000000001
105,0.061923900000000004,0.13483900000000001,0.0145775,0.016463,0.029183799999999996,0.032549400000000006,0.00810771,0.303406,0.0127186,0.06772410000000001,0.0798586,0.0241414,0.014420400000000002,0.00913532,0.00411965,0.020884299999999998,0.0695282,0.067013,0.0147481,0.0146578
106,0.028439999999999997,0.0831165,0.00773458,0.00756984,0.15329700000000002,0.0117473,0.00952367,0.0851275,0.012145399999999999,0.0824577,0.207696,0.010973299999999998,0.00451256,0.029432099999999996,0.00583513,0.015688900000000002,0.10900699999999999,0.0942318,0.016833900000000002,0.0246318
107,0.0826591,0.020968999999999998,0.023809999999999998,0.011925,0.0341466,0.026842599999999998,0.05629869999999999,0.0226877,0.140414,0.0255918,0.0209396,0.011028399999999999,0.050839800000000004,0.0992545,0.178038,0.0461139,0.0738328,0.0502154,0.0139547,0.010439
108,0.017391099999999996,0.102392,0.021096900000000002,0.0111354,0.0155392,0.0712431,0.00946602,0.0411024,0.028339599999999996,0.022303200000000002,0.0399061,0.04417569999999999,0.0169719,0.016243200000000003,0.0333149,0.353727,0.0877669,0.020817500000000003,0.0336849,0.0133826
109,0.040681800000000004,0.035471499999999996,0.011293700000000002,0.00783555,0.015981,0.0388731,0.0132327,0.015123500000000002,0.0471886,0.0287461,0.0236022,0.039495,0.0331605,0.017575099999999996,0.0364185,0.43463900000000005,0.0565702,0.0544015,0.029378300000000003,0.020332
110,0.0625688,0.07539069999999999,0.0197573,0.0041325,0.218871,0.00443535,0.11413800000000002,0.0389727,0.00510446,0.0436324,0.028737099999999998,0.061454499999999995,0.0038294000000000006,0.0105194,0.00326818,0.08601349999999999,0.034896699999999996,0.0548687,0.0176029,0.11180599999999999
111,0.014906399999999998,0.0224275,0.0154028,0.012111499999999999,0.027009500000000002,0.0147489,0.0206663,0.0183148,0.024059200000000003,0.0215266,0.018694299999999997,0.0105112,0.0150041,0.0401458,0.638124,0.00815186,0.0111288,0.013257099999999999,0.0322267,0.021582
112,0.0431824,0.050542800000000006,0.0167656,0.0128097,0.06154690000000001,0.016609400000000003,0.125096,0.09371189999999999,0.0321136,0.06805030000000001,0.048598199999999994,0.0326629,0.0162762,0.0159327,0.045699300000000005,0.0271276,0.0305711,0.183107,0.0179822,0.0616135
113,0.017177900000000003,0.0517443,0.0193125,0.0229502,0.025911,0.0311034,0.08975930000000001,0.0300977,0.0573566,0.019513,0.0325422,0.0358195,0.012049200000000001,0.0205651,0.37819200000000003,0.0395139,0.037674400000000004,0.029351099999999998,0.0288875,0.0204796
114,0.011596500000000001,0.015472,0.015397899999999999,0.018943099999999997,0.628127,0.00633887,0.0380232,0.0379444,0.00771079,0.0249577,0.008784299999999998,0.0139673,0.0732296,0.014154399999999998,0.00333618,0.0173077,0.0179074,0.0145387,0.010638,0.0216245
115,0.16714400000000001,0.0990317,0.0202476,0.012654899999999998,0.012682500000000001,0.0667304,0.055040099999999995,0.0135263,0.00601441,0.0074286000000000005,0.0689683,0.025643799999999998,0.172737,0.0839795,0.00728276,0.0708995,0.0158436,0.054022900000000006,0.0203657,0.0197582
116,0.0333096,0.0289483,0.0218136,0.0232528,0.021284400000000002,0.07867460000000001,0.08158889999999999,0.049714999999999995,0.021333599999999998,0.0430908,0.08430839999999999,0.0186513,0.019352099999999997,0.041411500000000004,0.27366599999999996,0.0385716,0.0371462,0.0165725,0.0493922,0.017917500000000003
117,0.0143822,0.0244619,0.028145099999999996,0.0216247,0.036336900000000005,0.0511241,0.019875900000000002,0.022805900000000004,0.07560089999999998,0.014007200000000001,0.0286126,0.0734241,0.0169074,0.016944499999999998,0.44636499999999996,0.0320319,0.021806799999999998,0.0214827,0.0240858,0.00997497
118,0.0164497,0.064989,0.0244124,0.0514188,0.030662599999999998,0.0244593,0.0247993,0.137559,0.015594899999999998,0.244878,0.09120160000000001,0.019457299999999997,0.0321702,0.0153221,0.027714299999999997,0.0157662,0.0501064,0.0697695,0.019082,0.0241871
119,0.244034,0.0477514,0.00682897,0.012369100000000001,0.00869867,0.015825299999999997,0.029357099999999997,0.0066335,0.00973173,0.0161088,0.0292043,0.0113858,0.451346,0.0167606,0.00897277,0.0315913,0.021675200000000002,0.0159815,0.00819379,0.00754945
120,0.0999415,0.0214133,0.022346400000000002,0.042065,0.024331000000000002,0.432141,0.0466001,0.0108406,0.017683900000000002,0.038343699999999994,0.019691,0.0187965,0.020725,0.0253429,0.0255886,0.038427499999999996,0.0191602,0.0292791,0.030822700000000005,0.0164612
121,0.019595599999999998,0.00711602,0.0292041,0.597634,0.00745753,0.0523514,0.00899075,0.00762911,0.0374819,0.0035411,0.0580364,0.00735809,0.00582245,0.0326753,0.0346608,0.00448479,0.00815895,0.045833099999999995,0.0255736,0.00639416
122,0.0474781,0.035519199999999994,0.0167906,0.0118754,0.029740199999999998,0.0205966,0.031244499999999998,0.0220235,0.139656,0.0118138,0.0498401,0.017356299999999998,0.0089586,0.0333656,0.367627,0.08336589999999999,0.0265002,0.0181576,0.013550799999999998,0.014539700000000003
123,0.0226683,0.0225533,0.0585967,0.43723999999999996,0.019157900000000002,0.0411278,0.023099500000000002,0.028961,0.0396672,0.00952798,0.032188,0.0165959,0.00702311,0.043125699999999996,0.013521,0.0279003,0.03995069999999999,0.0358849,0.0657319,0.0154781
124,0.0444959,0.0292699,0.0261026,0.0131822,0.0205357,0.024899599999999997,0.0177348,0.028122300000000003,0.0146329,0.0152586,0.029833799999999997,0.08591489999999999,0.0188813,0.017850900000000003,0.014007499999999999,0.03198,0.5160560000000001,0.017156400000000002,0.0218528,0.012231
125,0.017432800000000002,0.100313,0.0446245,0.369763,0.0147268,0.03681280000000001,0.015924,0.0181357,0.0321961,0.016514599999999997,0.0396064,0.0177102,0.0106017,0.133156,0.010246,0.0231596,0.0159859,0.0243254,0.0339945,0.0247702
126,0.00838911,0.0117318,0.0122603,0.0232646,0.0119227,0.030248,0.0117937,0.0220272,0.0447587,0.020702500000000002,0.036238900000000004,0.0269462,0.0125162,0.0113472,0.594923,0.0315217,0.0309844,0.013089700000000003,0.038009100000000004,0.00732532
127,0.11001400000000001,0.0634217,0.011152200000000001,0.019432599999999998,0.0685614,0.0403293,0.0142541,0.0146786,0.09552189999999999,0.012442100000000001,0.048501300000000004,0.0955928,0.017663400000000003,0.0110289,0.0193861,0.040884,0.128556,0.030015800000000002,0.024972799999999996,0.13359200000000002
128,0.0159701,0.026124500000000002,0.0185655,0.016,0.042332,0.019018599999999997,0.033568,0.048755900000000005,0.0197665,0.41741300000000003,0.11523199999999999,0.0189476,0.036499300000000005,0.0157636,0.014124600000000001,0.012447,0.049767900000000004,0.0342193,0.026023200000000003,0.0194605
129,0.0312209,0.0697451,0.00938638,0.0378397,0.0570755,0.18463800000000002,0.017558,0.0109887,0.0213691,0.00867929,0.0182055,0.0223057,0.00948932,0.0235538,0.141768,0.0226832,0.00764346,0.037698,0.222007,0.0461449
130,0.0112087,0.0126511,0.013291899999999999,0.0304036,0.0163952,0.014423599999999998,0.019147499999999998,0.0222604,0.628343,0.0118985,0.021031599999999998,0.0392142,0.0198257,0.025190200000000003,0.0333102,0.015295699999999999,0.0205007,0.012866200000000001,0.0160894,0.016652599999999997
131,0.048070800000000004,0.0193336,0.033068400000000005,0.0106694,0.0268694,0.026220599999999997,0.0119414,0.13195,0.0416582,0.0160532,0.0217352,0.019204099999999998,0.00728667,0.0232016,0.0203491,0.0535977,0.0439802,0.41930100000000003,0.0103962,0.0151128
132,0.00939557,0.0396,0.012817600000000002,0.014345400000000001,0.64551,0.00930431,0.0140381,0.034712400000000004,0.00996334,0.0325353,0.0180027,0.013103700000000001,0.0138623,0.0133662,0.00499924,0.0349537,0.0077934,0.0139393,0.023009099999999998,0.0347481
133,0.146601,0.0593788,0.0121876,0.018440900000000003,0.011929899999999998,0.0736595,0.0323805,0.0160612,0.0731437,0.0410771,0.0762451,0.0410411,0.010446899999999999,0.027904900000000003,0.0434944,0.060311199999999995,0.0895591,0.135648,0.0058856,0.0246038
134,0.123735,0.0486237,0.029262200000000002,0.018011000000000003,0.185394,0.0212082,0.021937799999999997,0.0434594,0.0611674,0.0458731,0.086564,0.014587000000000001,0.00573293,0.028792200000000004,0.0121679,0.028816200000000004,0.11677,0.0482019,0.0322914,0.027404200000000004
135,0.0143822,0.0244619,0.028145099999999996,0.0216247,0.036336900000000005,0.0511241,0.019875900000000002,0.022805900000000004,0.07560089999999998,0.014007200000000001,0.0286126,0.0734241,0.0169074,0.016944499999999998,0.44636499999999996,0.0320319,0.021806799999999998,0.0214827,0.0240858,0.00997497
136,0.052016,0.0274288,0.0189993,0.00877943,0.043812199999999996,0.047503500000000004,0.14045,0.0518124,0.0291433,0.0111364,0.0161465,0.21815199999999998,0.010833,0.061464099999999994,0.08275650000000001,0.051928300000000004,0.079003,0.0123088,0.00537804,0.030949400000000002
137,0.018650599999999996,0.026883400000000002,0.014363800000000001,0.0182873,0.039111,0.044460400000000004,0.0353373,0.0199804,0.030296899999999998,0.020302200000000003,0.0279738,0.02752,0.015387799999999998,0.08707369999999999,0.405301,0.0317783,0.0388356,0.041494199999999995,0.022199200000000002,0.034763999999999996
138,0.0162798,0.0167093,0.018789900000000002,0.0353595,0.0276918,0.030567200000000003,0.0228375,0.0340864,0.148781,0.015105700000000001,0.0254775,0.0315385,0.013309,0.0184162,0.373316,0.07750399999999999,0.0238465,0.0142256,0.0328237,0.023335299999999996
139,0.051268799999999996,0.08827,0.00978464,0.00939445,0.01406,0.00640039,0.0101746,0.0663072,0.023069799999999998,0.185823,0.257264,0.0381271,0.00885316,0.036093,0.0143843,0.015057399999999999,0.078608,0.07251260000000001,0.00992959,0.00461828
140,0.11896,0.036964699999999996,0.0115874,0.019893200000000003,0.04159330000000001,0.0761401,0.055751499999999996,0.00803341,0.043135900000000005,0.0192757,0.0266413,0.056973,0.019602599999999998,0.0381728,0.0157864,0.24147,0.09694080000000001,0.0178943,0.0267035,0.0284806
141,0.06740449999999999,0.0252831,0.0129398,0.014468200000000002,0.0336111,0.080796,0.0416101,0.0269466,0.0193192,0.011624500000000001,0.0172488,0.0339329,0.00853813,0.011968000000000001,0.0179643,0.454638,0.0360022,0.023441200000000002,0.048189800000000005,0.0140739
142,0.658251,0.00668612,0.0052911,0.029640100000000003,0.00564699,0.019847999999999998,0.00767229,0.00414258,0.00780895,0.00182799,0.0367587,0.00517087,0.00934743,0.00390342,0.00596331,0.014460299999999999,0.0138282,0.148105,0.00982134,0.00582609
143,0.209641,0.038609899999999996,0.0143819,0.0419144,0.0200698,0.11995399999999999,0.114587,0.0110125,0.022097799999999997,0.010995399999999999,0.013351499999999999,0.030085400000000005,0.0226933,0.0409403,0.018536700000000003,0.0314617,0.136742,0.0247375,0.029453500000000004,0.0487333
144,0.015332299999999998,0.021159099999999997,0.011740500000000001,0.00977719,0.00725145,0.129175,0.0184433,0.0232578,0.035780599999999996,0.00478476,0.00642203,0.0728541,0.00376488,0.10256099999999999,0.173265,0.111937,0.113646,0.10621400000000002,0.00552994,0.0271038
145,0.014906399999999998,0.0224275,0.0154028,0.012111499999999999,0.027009500000000002,0.0147489,0.0206663,0.0183148,0.024059200000000003,0.0215266,0.018694299999999997,0.0105112,0.0150041,0.0401458,0.638124,0.00815186,0.0111288,0.013257099999999999,0.0322267,0.021582
146,0.0121468,0.042694800000000005,0.021835499999999997,0.011758,0.037879699999999995,0.0140806,0.033962900000000004,0.0360594,0.012193899999999999,0.00945887,0.0234064,0.0404002,0.015177200000000002,0.0118474,0.00865845,0.014599,0.017359700000000002,0.0143709,0.022183,0.5999270000000001
147,0.0789578,0.0513082,0.00713186,0.033737300000000005,0.014795600000000002,0.0124037,0.0583962,0.0307745,0.0188352,0.112775,0.0374092,0.0079109,0.252742,0.023619,0.0134963,0.0839688,0.0487623,0.09006560000000001,0.00792495,0.014985900000000002
