site,A,C,D,E,F,G,H,I,K,L,M,N,P,Q,R,S,T,V,W,Y
1,0.0475566,0.0257416,0.0117029,0.016924400000000003,0.012925,0.023908900000000004,0.056935900000000005,0.018937,0.154112,0.0173063,0.0289566,0.020109099999999998,0.022839099999999998,0.029042000000000002,0.356153,0.0389853,0.0629479,0.0161087,0.025490000000000002,0.0133172
2,0.0861581,0.022225599999999998,0.0137888,0.00887429,0.0305108,0.16822,0.0123027,0.104236,0.0217707,0.0649269,0.0632436,0.0742817,0.00942946,0.0484511,0.0170087,0.06727480000000001,0.0763513,0.0577283,0.0177908,0.035426599999999996
3,0.06017909999999999,0.06953430000000001,0.00592071,0.0155594,0.0032758,0.262196,0.011039,0.015200799999999999,0.034640699999999996,0.0140722,0.0409719,0.0541914,0.104094,0.054264599999999996,0.1464,0.029964400000000002,0.029072300000000002,0.0385162,0.00823044,0.00267771
4,0.0414546,0.0506085,0.074063,0.0822306,0.0154487,0.0473304,0.0294687,0.056329599999999994,0.022097099999999998,0.13392,0.0398244,0.0493644,0.0125005,0.060441800000000004,0.0347057,0.0751098,0.0624255,0.0361812,0.00784618,0.0686486
5,0.034324099999999996,0.0257223,0.0179111,0.0239238,0.0175308,0.017503400000000002,0.00746639,0.0093758,0.13430799999999998,0.00962186,0.0246127,0.0277198,0.0112017,0.0129488,0.5005029999999999,0.0472283,0.0180708,0.011015899999999999,0.038052300000000004,0.0109586
6,0.021622400000000003,0.0443441,0.0477995,0.045635,0.0181424,0.0103771,0.06829489999999999,0.042437300000000004,0.060059100000000004,0.0258632,0.054664,0.18373599999999998,0.017343900000000002,0.121832,0.0109404,0.0951127,0.029817400000000004,0.0293087,0.0286105,0.0440585
7,0.051374,0.046342400000000006,0.0312668,0.0141043,0.0620014,0.0141429,0.117101,0.0160613,0.0326029,0.014430700000000001,0.0307197,0.0710214,0.0242502,0.0168002,0.011287299999999998,0.0667439,0.026273,0.0193,0.0363694,0.297808
8,0.0185114,0.0583184,0.0149256,0.019056,0.0309032,0.025119299999999997,0.00913596,0.322524,0.0148315,0.143739,0.0452884,0.0364915,0.0176645,0.0197951,0.013744899999999999,0.0125848,0.0215496,0.14515699999999998,0.0198231,0.0108377
9,0.00580884,0.025663,0.0193205,0.010578,0.576231,0.00422298,0.027658799999999997,0.0360479,0.0123137,0.0286368,0.027754200000000003,0.0125873,0.010107,0.0113493,0.00484723,0.025327799999999998,0.0260767,0.010141299999999999,0.0146296,0.110698
10,0.00594873,0.11776500000000001,0.315506,0.0294593,0.010731200000000002,0.020568200000000002,0.021549099999999998,0.012155,0.00818653,0.0100458,0.014810499999999999,0.24246700000000002,0.00724826,0.017197900000000002,0.00389306,0.111518,0.00560816,0.0149929,0.00914737,0.021202900000000004
11,0.0113599,0.0319659,0.0126611,0.00933319,0.040841699999999995,0.0267247,0.0845619,0.00593767,0.0365777,0.0201705,0.017399500000000002,0.020093599999999996,0.034137400000000005,0.013730200000000001,0.503901,0.043512800000000004,0.015709,0.043782999999999996,0.0156722,0.011926799999999998
12,0.021153,0.0351386,0.0151884,0.017199400000000004,0.0222666,0.0261423,0.0170512,0.0227388,0.0387485,0.031951099999999996,0.03742519999999999,0.0109381,0.024580200000000003,0.0207765,0.53299,0.0174795,0.027992799999999998,0.0304123,0.030265800000000002,0.019561099999999998
13,0.0999415,0.0214133,0.022346400000000002,0.042065,0.024331000000000002,0.432141,0.0466001,0.0108406,0.017683900000000002,0.038343699999999994,0.019691,0.0187965,0.020725,0.0253429,0.0255886,0.038427499999999996,0.0191602,0.0292791,0.030822700000000005,0.0164612
14,0.08579400000000001,0.0329158,0.024261900000000003,0.0399214,0.028923200000000003,0.284525,0.0251693,0.0241188,0.032574900000000004,0.023625099999999996,0.029914,0.029726799999999998,0.020187,0.028880400000000004,0.072443,0.06134490000000001,0.0207696,0.0627618,0.031016700000000005,0.041126800000000005
15,0.0292387,0.0562334,0.026716700000000003,0.0253112,0.043651499999999996,0.0268933,0.015688399999999998,0.0439011,0.0445437,0.0563512,0.342012,0.0264188,0.0158947,0.0320341,0.0286922,0.0285955,0.029210900000000005,0.0940141,0.0199612,0.0146374
16,0.0641057,0.0161919,0.0606116,0.32545100000000005,0.0108074,0.0207418,0.0469876,0.024022099999999998,0.0799309,0.0495707,0.0840718,0.0555739,0.0282119,0.02907,0.0134721,0.00785969,0.018042700000000002,0.033851599999999996,0.0193172,0.0121083
17,0.0849995,0.0406481,0.039791599999999996,0.0189544,0.0201828,0.013859,0.0066824,0.167024,0.0181078,0.0635966,0.14268599999999998,0.00962795,0.00798636,0.0195859,0.0130244,0.0228523,0.09422389999999999,0.188997,0.012853299999999998,0.014316399999999998
18,0.0307059,0.028223,0.00890402,0.0253647,0.44581499999999996,0.010285899999999999,0.0234987,0.05408530000000001,0.0231617,0.0366999,0.0459227,0.028542200000000004,0.012720799999999999,0.0525956,0.0121914,0.0554818,0.014472399999999998,0.026903800000000002,0.021672099999999996,0.0427535
19,0.025677,0.015382,0.10190199999999999,0.455038,0.023213099999999997,0.0448159,0.0301603,0.015981799999999997,0.027306200000000003,0.0106974,0.025285,0.020839700000000003,0.0138404,0.0346778,0.0183685,0.0247699,0.014218100000000001,0.022875,0.0534456,0.021506
20,0.110404,0.07182899999999999,0.00761543,0.028601099999999997,0.00928452,0.406002,0.0231148,0.00897385,0.013434,0.00836008,0.0108644,0.0334018,0.031806299999999996,0.0140625,0.018259400000000002,0.126804,0.0112155,0.028629900000000003,0.026106900000000002,0.011231399999999999
21,0.0641035,0.06802430000000001,0.0212241,0.023572299999999997,0.047441500000000004,0.0857567,0.0408426,0.103218,0.0395465,0.051587,0.201794,0.0228394,0.0106691,0.048933,0.0311577,0.016501,0.039028600000000004,0.0331704,0.0189497,0.0316406
22,0.061440999999999996,0.0507704,0.0357616,0.0340904,0.029117700000000003,0.050854699999999996,0.0185971,0.10977999999999999,0.0243446,0.0321519,0.043184600000000004,0.0210545,0.00247211,0.0157039,0.0178818,0.0231821,0.0382429,0.33921799999999996,0.0247761,0.0273731
23,0.123735,0.0486237,0.029262200000000002,0.018011000000000003,0.185394,0.0212082,0.021937799999999997,0.0434594,0.0611674,0.0458731,0.086564,0.014587000000000001,0.00573293,0.028792200000000004,0.0121679,0.028816200000000004,0.11677,0.0482019,0.0322914,0.027404200000000004
24,0.018869999999999998,0.128383,0.017116299999999997,0.0351194,0.09421410000000001,0.0168446,0.0945248,0.0288393,0.0444798,0.0333949,0.0133281,0.026382,0.00892886,0.0213829,0.0205165,0.015365700000000001,0.0126789,0.0158291,0.0554851,0.298317
25,0.0141839,0.0408978,0.03983830000000001,0.0191338,0.01633,0.0174765,0.00955195,0.137019,0.020859,0.335404,0.040586800000000006,0.022558099999999998,0.0265774,0.038351199999999995,0.021443,0.0160671,0.0884631,0.0506003,0.024074599999999998,0.020584
26,0.018220300000000002,0.0194126,0.0792602,0.551331,0.019974000000000002,0.0245873,0.0149429,0.0148718,0.0354279,0.0156012,0.0223495,0.019888,0.00883615,0.033588400000000004,0.01395,0.024791,0.026969,0.0224387,0.019685499999999998,0.0138739
27,0.0578637,0.13545,0.00941164,0.0277738,0.0329781,0.111019,0.0504142,0.0319516,0.021231,0.038794199999999994,0.07292380000000001,0.0199616,0.0364616,0.111803,0.014359899999999998,0.06865299999999999,0.06888129999999999,0.0394397,0.0334283,0.017200099999999996
28,0.0195757,0.029622900000000004,0.0406366,0.0394483,0.05993430000000001,0.0672898,0.0703093,0.0125492,0.06411259999999999,0.0573401,0.023066,0.033198000000000005,0.0251468,0.112687,0.141824,0.0633722,0.0247712,0.0361745,0.0668192,0.012122299999999999
29,0.06582589999999999,0.029591700000000002,0.152055,0.0470403,0.015669299999999997,0.0107302,0.09161339999999998,0.00735017,0.018582599999999998,0.0145398,0.00969597,0.09464460000000001,0.148847,0.11336800000000001,0.024834900000000004,0.0540395,0.015065,0.0201391,0.036707199999999995,0.0296594
30,0.0162798,0.0167093,0.018789900000000002,0.0353595,0.0276918,0.030567200000000003,0.0228375,0.0340864,0.148781,0.015105700000000001,0.0254775,0.0315385,0.013309,0.0184162,0.373316,0.07750399999999999,0.0238465,0.0142256,0.0328237,0.023335299999999996
31,0.135827,0.08502989999999999,0.0176396,0.0148559,0.016707,0.012479500000000001,0.013392500000000002,0.0332864,0.031259800000000004,0.012520299999999998,0.0201322,0.0111426,0.0150019,0.00755661,0.023191800000000002,0.147478,0.238833,0.14390899999999998,0.00960764,0.0101494
32,0.0223877,0.0174945,0.091921,0.45593,0.0228444,0.022822400000000003,0.0160007,0.0133428,0.0483374,0.012460500000000001,0.017503599999999998,0.04172530000000001,0.036166699999999996,0.057967899999999996,0.011514700000000001,0.013761099999999998,0.0185903,0.036199300000000004,0.0236422,0.0193881
33,0.0309774,0.0298789,0.00845729,0.0131214,0.0284252,0.00809323,0.0930803,0.182944,0.0112932,0.149497,0.0477713,0.030106099999999997,0.00722388,0.106896,0.00674527,0.0174727,0.0690202,0.0658995,0.03716219999999999,0.0559354
34,0.0370152,0.033025599999999995,0.026845099999999997,0.0223326,0.025487799999999998,0.0473728,0.007149600000000001,0.0919548,0.00672268,0.154437,0.046548,0.0429861,0.018426400000000002,0.0362811,0.0266738,0.0886706,0.0799475,0.029184199999999997,0.06593210000000001,0.113008
35,0.048070800000000004,0.0193336,0.033068400000000005,0.0106694,0.0268694,0.026220599999999997,0.0119414,0.13195,0.0416582,0.0160532,0.0217352,0.019204099999999998,0.00728667,0.0232016,0.0203491,0.0535977,0.0439802,0.41930100000000003,0.0103962,0.0151128
36,0.0474781,0.035519199999999994,0.0167906,0.0118754,0.029740199999999998,0.0205966,0.031244499999999998,0.0220235,0.139656,0.0118138,0.0498401,0.017356299999999998,0.0089586,0.0333656,0.367627,0.08336589999999999,0.0265002,0.0181576,0.013550799999999998,0.014539700000000003
37,0.0612932,0.0287485,0.00931911,0.016081,0.0289806,0.016469,0.028716900000000004,0.08947589999999998,0.025669900000000002,0.44175600000000004,0.0329448,0.0143363,0.035016000000000005,0.050573400000000004,0.011141400000000001,0.014593,0.0336803,0.034361199999999995,0.0162637,0.010580200000000001
38,0.0166293,0.0284337,0.0238218,0.012115100000000002,0.142266,0.00926815,0.015265899999999999,0.144042,0.0158891,0.25354499999999996,0.0593437,0.0171643,0.0133184,0.024734700000000002,0.013837700000000001,0.014755299999999999,0.0162894,0.154606,0.013404300000000001,0.0112695
39,0.0447649,0.0408461,0.00593196,0.0196349,0.0132984,0.05834930000000001,0.0350784,0.0169898,0.045588699999999996,0.0211609,0.035245900000000004,0.0438963,0.228388,0.133638,0.0332973,0.062244100000000004,0.039956599999999995,0.0579061,0.0452281,0.0185568
40,0.0117387,0.06362709999999999,0.012514299999999999,0.027277099999999995,0.0419064,0.00937547,0.0491662,0.0636514,0.05655509999999999,0.024753099999999997,0.0355642,0.07003480000000001,0.00904502,0.0842882,0.117925,0.08322689999999999,0.0261161,0.15623499999999998,0.0231405,0.0338597
41,0.030424,0.06928510000000002,0.017990400000000004,0.028380000000000002,0.015326499999999998,0.0355292,0.0500105,0.0215321,0.045737400000000004,0.036362,0.06985319999999999,0.0106328,0.0324237,0.413836,0.0256796,0.0104162,0.027685500000000002,0.0119897,0.0274019,0.0195044
42,0.0149931,0.013857399999999999,0.023581400000000002,0.0183077,0.0121472,0.0210312,0.6035,0.010628799999999999,0.0158406,0.019115299999999998,0.0158507,0.036235500000000004,0.0166785,0.05935409999999999,0.020011900000000003,0.0218016,0.012063500000000001,0.010537399999999999,0.018063,0.0364009
43,0.029783499999999997,0.014115299999999999,0.061684800000000005,0.0385749,0.0141649,0.559605,0.0210432,0.0156898,0.0226431,0.00971019,0.026312099999999998,0.0198695,0.017218900000000002,0.023156200000000002,0.032185000000000005,0.00872932,0.016074500000000002,0.022548099999999998,0.0252,0.0216915
44,0.011559,0.023325,0.0121866,0.016599799999999998,0.0134275,0.0254445,0.06922060000000001,0.020326499999999997,0.21195,0.044033499999999996,0.0324398,0.0207226,0.00951522,0.0207625,0.392719,0.013430500000000001,0.017575599999999997,0.00805378,0.025838099999999996,0.0108694
45,0.0604753,0.0379922,0.010240700000000002,0.0220634,0.0150564,0.088853,0.0134631,0.0175607,0.0350026,0.0254577,0.0133724,0.10796300000000002,0.013847100000000001,0.0125933,0.0223155,0.147488,0.28721199999999997,0.0414945,0.013330600000000001,0.014218200000000002
46,0.035901199999999994,0.0553273,0.012932599999999999,0.028173700000000003,0.0545332,0.0117513,0.031868099999999996,0.0566033,0.019649200000000002,0.0324195,0.161772,0.0431301,0.0384824,0.212907,0.025406799999999997,0.024234400000000003,0.07879320000000001,0.028061799999999998,0.0196491,0.0284043
47,0.0376382,0.0234421,0.0296836,0.0416078,0.059075300000000004,0.0237483,0.0167879,0.0488878,0.12412100000000001,0.0360432,0.0318404,0.0921299,0.0139865,0.0423402,0.215673,0.024569900000000002,0.0690863,0.0363624,0.026425099999999997,0.00655097
48,0.051268799999999996,0.08827,0.00978464,0.00939445,0.01406,0.00640039,0.0101746,0.0663072,0.023069799999999998,0.185823,0.257264,0.0381271,0.00885316,0.036093,0.0143843,0.015057399999999999,0.078608,0.07251260000000001,0.00992959,0.00461828
49,0.658251,0.00668612,0.0052911,0.029640100000000003,0.00564699,0.019847999999999998,0.00767229,0.00414258,0.00780895,0.00182799,0.0367587,0.00517087,0.00934743,0.00390342,0.00596331,0.014460299999999999,0.0138282,0.148105,0.00982134,0.00582609
50,0.018306700000000002,0.023137,0.00790409,0.0139252,0.0413028,0.0476999,0.041072000000000004,0.0388224,0.23012,0.0278475,0.029449,0.0461734,0.0124698,0.0466108,0.149176,0.0428022,0.07860460000000001,0.0160956,0.0392804,0.0492009
51,0.0112087,0.0126511,0.013291899999999999,0.0304036,0.0163952,0.014423599999999998,0.019147499999999998,0.0222604,0.628343,0.0118985,0.021031599999999998,0.0392142,0.0198257,0.025190200000000003,0.0333102,0.015295699999999999,0.0205007,0.012866200000000001,0.0160894,0.016652599999999997
52,0.0849995,0.0406481,0.039791599999999996,0.0189544,0.0201828,0.013859,0.0066824,0.167024,0.0181078,0.0635966,0.14268599999999998,0.00962795,0.00798636,0.0195859,0.0130244,0.0228523,0.09422389999999999,0.188997,0.012853299999999998,0.014316399999999998
53,0.0447649,0.0408461,0.00593196,0.0196349,0.0132984,0.05834930000000001,0.0350784,0.0169898,0.045588699999999996,0.0211609,0.035245900000000004,0.0438963,0.228388,0.133638,0.0332973,0.062244100000000004,0.039956599999999995,0.0579061,0.0452281,0.0185568
54,0.06740449999999999,0.0252831,0.0129398,0.014468200000000002,0.0336111,0.080796,0.0416101,0.0269466,0.0193192,0.011624500000000001,0.0172488,0.0339329,0.00853813,0.011968000000000001,0.0179643,0.454638,0.0360022,0.023441200000000002,0.048189800000000005,0.0140739
55,0.034575699999999994,0.030782900000000002,0.012407099999999999,0.017878,0.0361158,0.0280745,0.0316028,0.0332876,0.015747999999999998,0.0403911,0.0278865,0.019243200000000002,0.0084243,0.0217865,0.029907200000000002,0.10958299999999999,0.019655799999999998,0.0211777,0.428275,0.0331977
56,0.0226683,0.0225533,0.0585967,0.43723999999999996,0.019157900000000002,0.0411278,0.023099500000000002,0.028961,0.0396672,0.00952798,0.032188,0.0165959,0.00702311,0.043125699999999996,0.013521,0.0279003,0.03995069999999999,0.0358849,0.0657319,0.0154781
57,0.0862812,0.019370699999999998,0.0472643,0.461674,0.022719,0.0192891,0.0154138,0.015901099999999998,0.0389606,0.016871900000000002,0.023056200000000002,0.017521000000000002,0.0118277,0.0376923,0.0159227,0.0315119,0.0188425,0.031789599999999994,0.030313999999999997,0.0377764
58,0.30669,0.138325,0.00996724,0.024412299999999998,0.010421600000000001,0.114793,0.013286099999999999,0.011793799999999998,0.009345000000000001,0.0123945,0.028835200000000002,0.0421412,0.0180248,0.017881499999999998,0.00619827,0.0499205,0.132519,0.026281799999999998,0.0137559,0.0130121
59,0.012407,0.025339700000000003,0.011152,0.021087099999999998,0.0260762,0.0254399,0.019106,0.0266468,0.0487682,0.0183392,0.018098799999999998,0.015473500000000001,0.0213148,0.0157155,0.560045,0.0196702,0.028374299999999998,0.0406483,0.025567799999999998,0.0207297
60,0.018869999999999998,0.128383,0.017116299999999997,0.0351194,0.09421410000000001,0.0168446,0.0945248,0.0288393,0.0444798,0.0333949,0.0133281,0.026382,0.00892886,0.0213829,0.0205165,0.015365700000000001,0.0126789,0.0158291,0.0554851,0.298317
61,0.00927966,0.0253435,0.0193351,0.00932244,0.013525299999999999,0.0147748,0.0264829,0.0610265,0.0309041,0.213376,0.304444,0.0231387,0.00727265,0.09511839999999999,0.0168731,0.0231255,0.0229845,0.032810900000000004,0.017359799999999998,0.033502
62,0.109214,0.0365001,0.037538300000000004,0.0330603,0.00911621,0.181623,0.0325529,0.0147534,0.0419999,0.11113699999999999,0.0414468,0.037110500000000005,0.00667438,0.0736935,0.047020599999999996,0.039351599999999994,0.0667245,0.0442587,0.0227067,0.013518899999999999
63,0.07344930000000001,0.050638800000000005,0.035614099999999996,0.165029,0.0478722,0.0497024,0.024547799999999998,0.06127869999999999,0.040062400000000005,0.0913359,0.025138900000000002,0.05217190000000001,0.0206931,0.059052099999999996,0.012545299999999999,0.0298143,0.03755630000000001,0.067525,0.017706200000000002,0.038266900000000006
64,0.0159701,0.026124500000000002,0.0185655,0.016,0.042332,0.019018599999999997,0.033568,0.048755900000000005,0.0197665,0.41741300000000003,0.11523199999999999,0.0189476,0.036499300000000005,0.0157636,0.014124600000000001,0.012447,0.049767900000000004,0.0342193,0.026023200000000003,0.0194605
65,0.04361280000000001,0.08115549999999999,0.017084000000000002,0.0249368,0.029469099999999998,0.0240134,0.0338025,0.04966980000000001,0.014744899999999998,0.345595,0.0826339,0.0210673,0.031551499999999996,0.0294127,0.0164898,0.0164773,0.021141999999999998,0.0707488,0.0388156,0.00757653
66,0.0783184,0.0549425,0.0202951,0.020595099999999998,0.0318599,0.060588800000000005,0.0192438,0.0316144,0.014218999999999999,0.0116028,0.0364695,0.0357548,0.0230216,0.037314,0.0137641,0.3886,0.032061,0.023883,0.0188747,0.0469769
67,0.0374353,0.028525099999999998,0.0124196,0.0371817,0.00922552,0.0175964,0.00834796,0.12265999999999999,0.017571200000000002,0.184563,0.043455400000000005,0.0407913,0.010593799999999999,0.0207035,0.013485599999999999,0.0243086,0.10984300000000001,0.236171,0.014180100000000001,0.010942
68,0.023059200000000002,0.0424796,0.018049000000000003,0.0436389,0.062005899999999996,0.037927800000000005,0.018141400000000002,0.0817169,0.027029400000000006,0.11394100000000001,0.0315945,0.061169600000000005,0.0639515,0.038029400000000005,0.0472776,0.0496619,0.117924,0.0879841,0.00713408,0.0272848
69,0.0507543,0.0240877,0.468164,0.048739099999999994,0.021138,0.0392625,0.0532121,0.011962299999999999,0.0166195,0.0111196,0.028181,0.0335483,0.013212799999999999,0.014415299999999999,0.0250767,0.016587400000000002,0.017978599999999997,0.0380487,0.0339306,0.0339612
70,0.0330166,0.0644605,0.0077843,0.014395500000000002,0.11025399999999999,0.020292599999999997,0.054958900000000005,0.0500972,0.00657794,0.034751699999999996,0.0771937,0.040813999999999996,0.0180111,0.00987713,0.0459532,0.23441399999999998,0.0708177,0.0436656,0.00946217,0.053201599999999995
71,0.0353601,0.03819790000000001,0.013009399999999999,0.0193679,0.0167738,0.0155844,0.034062300000000004,0.07482269999999999,0.020886599999999998,0.0154483,0.0254832,0.0518289,0.0135546,0.07534760000000001,0.014463399999999998,0.030584899999999998,0.387308,0.07700180000000001,0.0199571,0.0209571
72,0.00939557,0.0396,0.012817600000000002,0.014345400000000001,0.64551,0.00930431,0.0140381,0.034712400000000004,0.00996334,0.0325353,0.0180027,0.013103700000000001,0.0138623,0.0133662,0.00499924,0.0349537,0.0077934,0.0139393,0.023009099999999998,0.0347481
73,0.0172546,0.0139571,0.00967777,0.040786699999999995,0.0134582,0.029254000000000002,0.0274453,0.020003599999999996,0.483212,0.022463999999999998,0.05782140000000001,0.0193574,0.016560299999999997,0.0497972,0.0690554,0.014749799999999999,0.0171644,0.024975599999999997,0.0350265,0.0179782
74,0.0304149,0.045982300000000004,0.013699100000000002,0.0284836,0.0290928,0.0158536,0.017363,0.16058699999999998,0.0550898,0.223822,0.0454654,0.0172071,0.00536816,0.0403317,0.030007299999999997,0.015636700000000003,0.035180699999999995,0.145397,0.0271219,0.0178955
75,0.0469226,0.098534,0.021867400000000002,0.00792657,0.0155537,0.0387147,0.037989499999999995,0.0204548,0.0178032,0.17943399999999998,0.0224731,0.107884,0.011304799999999999,0.052948199999999994,0.0256572,0.106429,0.033907099999999996,0.1068,0.0124539,0.0349425
76,0.0856839,0.0328159,0.017314,0.012454600000000001,0.049605,0.0388977,0.016861599999999997,0.0181293,0.018520500000000002,0.0167391,0.013385399999999999,0.014454399999999997,0.032356,0.0113456,0.0491002,0.41031599999999996,0.093762,0.0158951,0.0239429,0.028421
77,0.0366985,0.0984663,0.0293327,0.037494900000000005,0.035556300000000006,0.0562034,0.0199415,0.0492057,0.020771099999999997,0.0801531,0.05200169999999999,0.13008699999999998,0.013980200000000002,0.032144,0.035013499999999996,0.060797500000000004,0.0412203,0.116763,0.011558,0.042611199999999995
78,0.051374,0.046342400000000006,0.0312668,0.0141043,0.0620014,0.0141429,0.117101,0.0160613,0.0326029,0.014430700000000001,0.0307197,0.0710214,0.0242502,0.0168002,0.011287299999999998,0.0667439,0.026273,0.0193,0.0363694,0.297808
79,0.0159701,0.026124500000000002,0.0185655,0.016,0.042332,0.019018599999999997,0.033568,0.048755900000000005,0.0197665,0.41741300000000003,0.11523199999999999,0.0189476,0.036499300000000005,0.0157636,0.014124600000000001,0.012447,0.049767900000000004,0.0342193,0.026023200000000003,0.0194605
80,0.169488,0.025774000000000002,0.0222487,0.00683844,0.0382594,0.0174914,0.05574199999999999,0.0382282,0.0332077,0.0597933,0.0222815,0.23386700000000002,0.00852562,0.077333,0.0165261,0.0247365,0.0345792,0.0173984,0.04176830000000001,0.055913599999999994
81,0.020879400000000003,0.022712,0.018859,0.0236346,0.0201905,0.0245053,0.0213067,0.032898699999999996,0.0529411,0.04624469999999999,0.0183174,0.0297775,0.016322399999999997,0.0263291,0.496565,0.031577499999999994,0.029913599999999995,0.019836700000000002,0.030167900000000004,0.017021099999999997
82,0.033467199999999996,0.115504,0.0116712,0.0223442,0.0220081,0.0159878,0.10618,0.00829052,0.0981578,0.089216,0.010945100000000001,0.020772,0.0147293,0.059195500000000005,0.0830788,0.151819,0.0664336,0.0325841,0.00507854,0.032536
83,0.243694,0.050089800000000004,0.0394922,0.00952216,0.0417912,0.11069000000000001,0.0187862,0.05165309999999999,0.015787100000000002,0.0377615,0.08663939999999999,0.0357299,0.013362100000000002,0.013687999999999999,0.00819794,0.08731169999999999,0.028651799999999998,0.0720638,0.021687400000000003,0.013400200000000001
84,0.0191748,0.0902445,0.07259460000000001,0.0379802,0.0736785,0.022940900000000004,0.0415111,0.129779,0.043388699999999995,0.045206199999999995,0.153436,0.0227999,0.00557957,0.0631965,0.0318533,0.0371076,0.0368189,0.034977499999999995,0.017031,0.020702
85,0.057449599999999997,0.025673400000000002,0.123074,0.110214,0.0324042,0.05827909999999999,0.0153481,0.023992700000000002,0.0588577,0.0374261,0.0261517,0.041148500000000005,0.0322733,0.0318497,0.163546,0.053437,0.0467536,0.0322256,0.015276499999999998,0.0146194
86,0.37901599999999996,0.012234100000000001,0.0186492,0.032462,0.0122834,0.166624,0.016943200000000002,0.0115087,0.028520599999999997,0.0158254,0.0315146,0.016819,0.0137443,0.014465899999999999,0.00956557,0.13450499999999999,0.0445849,0.0161883,0.00903803,0.015508000000000001
87,0.0523207,0.0440935,0.0212963,0.0641478,0.028552499999999998,0.369345,0.0362377,0.0323426,0.028250499999999998,0.0245375,0.030113099999999997,0.0220538,0.0163093,0.021238800000000002,0.0352425,0.0524769,0.0165685,0.0493642,0.0375608,0.0179482
88,0.123735,0.0486237,0.029262200000000002,0.018011000000000003,0.185394,0.0212082,0.021937799999999997,0.0434594,0.0611674,0.0458731,0.086564,0.014587000000000001,0.00573293,0.028792200000000004,0.0121679,0.028816200000000004,0.11677,0.0482019,0.0322914,0.027404200000000004
89,0.0208491,0.0350537,0.0184274,0.0248355,0.0319726,0.025203200000000002,0.024903799999999997,0.017633199999999998,0.022962299999999998,0.0251877,0.0284171,0.0264149,0.014787,0.020979499999999998,0.0279911,0.0341511,0.011443799999999999,0.017211900000000002,0.5136390000000001,0.0579363
90,0.029783499999999997,0.014115299999999999,0.061684800000000005,0.0385749,0.0141649,0.559605,0.0210432,0.0156898,0.0226431,0.00971019,0.026312099999999998,0.0198695,0.017218900000000002,0.023156200000000002,0.032185000000000005,0.00872932,0.016074500000000002,0.022548099999999998,0.0252,0.0216915
91,0.113276,0.0669028,0.0172258,0.0160054,0.020192599999999998,0.034533499999999995,0.0537939,0.0420463,0.10103200000000001,0.0441264,0.049333,0.0444799,0.00446843,0.0332918,0.123551,0.0290716,0.0378117,0.148074,0.012925,0.00785822
92,0.028559699999999997,0.0424822,0.0240822,0.0328709,0.0198238,0.012871500000000001,0.0221995,0.036463800000000005,0.01766,0.046288,0.043380699999999994,0.0385444,0.0251946,0.015577500000000001,0.0215505,0.0675817,0.376161,0.0820755,0.0284946,0.0181385
93,0.0171161,0.00995766,0.0536682,0.013984799999999999,0.0158114,0.045273900000000006,0.034635900000000004,0.0166922,0.0439177,0.0235594,0.019833700000000003,0.530975,0.015103100000000001,0.013064500000000001,0.020028,0.0303723,0.039897300000000004,0.0160266,0.0174041,0.0226791
94,0.0297238,0.0122416,0.0302353,0.012642,0.0148936,0.00921573,0.00982745,0.154291,0.136724,0.28865599999999997,0.0724344,0.00801566,0.0132375,0.059605,0.0358824,0.011431700000000001,0.014493700000000002,0.0548225,0.011996099999999999,0.0196321
95,0.156727,0.027589599999999995,0.0191005,0.0182348,0.07897860000000001,0.30887600000000004,0.028964099999999996,0.0247456,0.0178432,0.0170933,0.0353879,0.011372700000000001,0.00627052,0.030397399999999998,0.014194499999999999,0.0891798,0.0229682,0.0154841,0.0543634,0.022228400000000002
96,0.039378699999999996,0.029729000000000002,0.00975316,0.029122500000000003,0.0176778,0.168113,0.0262194,0.0408407,0.011934899999999998,0.00644748,0.021121400000000002,0.0285531,0.13159400000000002,0.07393939999999999,0.0108185,0.167324,0.045558999999999995,0.0963961,0.0343635,0.0111149
97,0.017596599999999997,0.019899299999999998,0.0121733,0.0189026,0.0271594,0.0238144,0.014895600000000002,0.04095530000000001,0.0238032,0.10541500000000001,0.504455,0.0273692,0.0135386,0.0205825,0.0149053,0.0241143,0.0283378,0.0269356,0.016518900000000003,0.018627900000000003
98,0.06582589999999999,0.029591700000000002,0.152055,0.0470403,0.015669299999999997,0.0107302,0.09161339999999998,0.00735017,0.018582599999999998,0.0145398,0.00969597,0.09464460000000001,0.148847,0.11336800000000001,0.024834900000000004,0.0540395,0.015065,0.0201391,0.036707199999999995,0.0296594
99,0.041904000000000004,0.0318041,0.027011400000000005,0.045805599999999995,0.012379000000000001,0.49746899999999994,0.0155306,0.023924900000000002,0.021671700000000002,0.023140599999999997,0.0211033,0.0270543,0.020295,0.037280400000000005,0.0356569,0.0172269,0.0110698,0.0312144,0.034633699999999996,0.0238247
100,0.0159701,0.026124500000000002,0.0185655,0.016,0.042332,0.019018599999999997,0.033568,0.048755900000000005,0.0197665,0.41741300000000003,0.11523199999999999,0.0189476,0.036499300000000005,0.0157636,0.014124600000000001,0.012447,0.049767900000000004,0.0342193,0.026023200000000003,0.0194605
101,0.0195757,0.029622900000000004,0.0406366,0.0394483,0.05993430000000001,0.0672898,0.0703093,0.0125492,0.06411259999999999,0.0573401,0.023066,0.033198000000000005,0.0251468,0.112687,0.141824,0.0633722,0.0247712,0.0361745,0.0668192,0.012122299999999999
102,0.0805141,0.03464419999999999,0.0134641,0.0165195,0.025851999999999997,0.0615755,0.0201953,0.0167009,0.0144656,0.0252054,0.035013699999999995,0.03412419999999999,0.02394,0.020955,0.0122054,0.41937299999999994,0.0301961,0.0329759,0.023162000000000002,0.058918399999999996
103,0.207254,0.026919,0.0337594,0.019344999999999998,0.057024,0.0579326,0.053263,0.00627803,0.0149194,0.036067400000000006,0.054601,0.06795239999999998,0.005377600000000001,0.116879,0.027641200000000005,0.09916599999999999,0.0229815,0.012281499999999999,0.061131200000000004,0.0192264
104,0.0208491,0.0350537,0.0184274,0.0248355,0.0319726,0.025203200000000002,0.024903799999999997,0.017633199999999998,0.022962299999999998,0.0251877,0.0284171,0.0264149,0.014787,0.020979499999999998,0.0279911,0.0341511,0.011443799999999999,0.017211900000000002,0.5136390000000001,0.0579363
105,0.07802150000000001,0.026440699999999998,0.0111135,0.00812347,0.025315200000000003,0.052294799999999995,0.0155778,0.036740800000000004,0.0546235,0.058885599999999996,0.10713199999999999,0.0321654,0.00299863,0.0377593,0.115904,0.128546,0.0197858,0.0987706,0.059259000000000006,0.0305418
106,0.043062199999999995,0.031554700000000005,0.0152214,0.031706,0.0640751,0.0143709,0.022730200000000002,0.047763099999999996,0.0478756,0.0487967,0.365147,0.106607,0.00797943,0.012379600000000001,0.0165764,0.0139846,0.0350701,0.0410093,0.013490700000000001,0.0205992
107,0.0327279,0.0802479,0.0147007,0.012676100000000001,0.028661900000000004,0.00991049,0.048769,0.12976600000000002,0.0529025,0.054981600000000005,0.268865,0.0211766,0.0111569,0.0262288,0.0170934,0.0152505,0.055768399999999996,0.039508999999999996,0.018355200000000002,0.0612526
108,0.0542429,0.058532799999999996,0.00975845,0.015311400000000001,0.258575,0.0165091,0.038074000000000004,0.0638625,0.00655545,0.054437599999999996,0.048436400000000004,0.0351124,0.014046000000000001,0.022810900000000002,0.00496407,0.027286,0.021125900000000003,0.06673380000000001,0.162678,0.020946799999999998
109,0.0201513,0.028114,0.0101846,0.0146906,0.0118543,0.0210455,0.0282577,0.0201775,0.0242518,0.0143767,0.0292579,0.0179163,0.0168578,0.0405543,0.5957859999999999,0.0260829,0.015944200000000002,0.0234689,0.019856099999999998,0.021171099999999998
110,0.048070800000000004,0.0193336,0.033068400000000005,0.0106694,0.0268694,0.026220599999999997,0.0119414,0.13195,0.0416582,0.0160532,0.0217352,0.019204099999999998,0.00728667,0.0232016,0.0203491,0.0535977,0.0439802,0.41930100000000003,0.0103962,0.0151128
111,0.0379027,0.0293399,0.5283399999999999,0.0447202,0.0171601,0.0371628,0.0433562,0.014862899999999998,0.0174465,0.0105111,0.027479900000000005,0.033191399999999996,0.0106216,0.013547799999999999,0.0120836,0.0146118,0.0184034,0.0349664,0.022403599999999996,0.031887599999999995
112,0.018909,0.036474099999999995,0.011730899999999999,0.013371100000000002,0.0396038,0.0078232,0.0207491,0.021341,0.0258166,0.0274277,0.0265536,0.022644499999999998,0.0384775,0.0136799,0.00927228,0.52672,0.05190830000000001,0.00526616,0.0196108,0.06262090000000001
113,0.0849995,0.0406481,0.039791599999999996,0.0189544,0.0201828,0.013859,0.0066824,0.167024,0.0181078,0.0635966,0.14268599999999998,0.00962795,0.00798636,0.0195859,0.0130244,0.0228523,0.09422389999999999,0.188997,0.012853299999999998,0.014316399999999998
114,0.019595599999999998,0.00711602,0.0292041,0.597634,0.00745753,0.0523514,0.00899075,0.00762911,0.0374819,0.0035411,0.0580364,0.00735809,0.00582245,0.0326753,0.0346608,0.00448479,0.00815895,0.045833099999999995,0.0255736,0.00639416
115,0.072188,0.0285702,0.0161994,0.012078,0.00803281,0.017555,0.00892798,0.06470319999999999,0.0294899,0.031269599999999995,0.246229,0.019263299999999997,0.00886485,0.0115367,0.00842315,0.022274000000000002,0.16523800000000002,0.196232,0.0205446,0.0123797
116,0.0382235,0.0322265,0.0174496,0.0172568,0.036192800000000004,0.0166357,0.0279267,0.100725,0.0129188,0.34110799999999997,0.0631749,0.06992000000000001,0.021794900000000002,0.0119168,0.00838013,0.043831199999999994,0.056964,0.0429081,0.0260765,0.0143709
117,0.021153,0.0351386,0.0151884,0.017199400000000004,0.0222666,0.0261423,0.0170512,0.0227388,0.0387485,0.031951099999999996,0.03742519999999999,0.0109381,0.024580200000000003,0.0207765,0.53299,0.0174795,0.027992799999999998,0.0304123,0.030265800000000002,0.019561099999999998
118,0.141452,0.027702499999999998,0.00686868,0.0141625,0.0110606,0.153924,0.0082889,0.023902700000000002,0.00782201,0.0121112,0.0105597,0.0306993,0.0999152,0.0298616,0.0171417,0.297398,0.06858210000000001,0.00775931,0.018080099999999998,0.012708200000000001
119,0.0337349,0.0950167,0.00494822,0.0158709,0.014319,0.0065393000000000005,0.00852046,0.173434,0.0109468,0.10819400000000001,0.0701658,0.00574589,0.005561399999999999,0.019922,0.00488361,0.0112695,0.0682452,0.315823,0.00983969,0.01702
120,0.129077,0.024565299999999998,0.02154,0.0325051,0.010815799999999999,0.474137,0.0145542,0.019984599999999998,0.0169369,0.0116631,0.0288365,0.010917,0.0190682,0.012977299999999999,0.023402700000000002,0.0398032,0.0330074,0.0295497,0.0225165,0.024142900000000002
121,0.137853,0.06700880000000001,0.0162496,0.00929616,0.054775300000000006,0.150858,0.08417899999999999,0.026949400000000002,0.0109488,0.01781,0.0125113,0.0184148,0.177494,0.013931299999999999,0.0144703,0.043936300000000005,0.0147401,0.0380223,0.057885400000000004,0.032665
122,0.019563900000000002,0.0687262,0.00609787,0.017772,0.07974550000000001,0.012182700000000001,0.00952487,0.18198,0.0106004,0.0931062,0.199178,0.0212839,0.00712132,0.043158300000000004,0.00644045,0.0157542,0.032503899999999995,0.14836,0.0120996,0.014800299999999999
123,0.0376382,0.0234421,0.0296836,0.0416078,0.059075300000000004,0.0237483,0.0167879,0.0488878,0.12412100000000001,0.0360432,0.0318404,0.0921299,0.0139865,0.0423402,0.215673,0.024569900000000002,0.0690863,0.0363624,0.026425099999999997,0.00655097
124,0.0894359,0.039127999999999996,0.0228231,0.00776408,0.0271605,0.0223882,0.040699900000000004,0.019592599999999998,0.0456177,0.151623,0.0359106,0.0141727,0.0402148,0.044057400000000004,0.086985,0.030457299999999996,0.14855,0.0522317,0.0381903,0.0429966
125,0.0121468,0.042694800000000005,0.021835499999999997,0.011758,0.037879699999999995,0.0140806,0.033962900000000004,0.0360594,0.012193899999999999,0.00945887,0.0234064,0.0404002,0.015177200000000002,0.0118474,0.00865845,0.014599,0.017359700000000002,0.0143709,0.022183,0.5999270000000001
126,0.0447649,0.0408461,0.00593196,0.0196349,0.0132984,0.05834930000000001,0.0350784,0.0169898,0.045588699999999996,0.0211609,0.035245900000000004,0.0438963,0.228388,0.133638,0.0332973,0.062244100000000004,0.039956599999999995,0.0579061,0.0452281,0.0185568
127,0.0138862,0.0575419,0.0313524,0.04926919999999999,0.034763499999999996,0.0252024,0.0424885,0.0234868,0.0363095,0.09481060000000001,0.0301416,0.027971100000000002,0.022890900000000002,0.360766,0.020526,0.0452466,0.0153873,0.039462300000000006,0.0170466,0.0114504
128,0.0103523,0.026918200000000003,0.00866148,0.0191352,0.00829201,0.0237793,0.0589328,0.0297628,0.0458195,0.0081727,0.0194527,0.016340200000000003,0.006591500000000001,0.0198409,0.585936,0.021238999999999997,0.025396000000000002,0.012368700000000002,0.030676099999999998,0.022332499999999998
129,0.0370152,0.033025599999999995,0.026845099999999997,0.0223326,0.025487799999999998,0.0473728,0.007149600000000001,0.0919548,0.00672268,0.154437,0.046548,0.0429861,0.018426400000000002,0.0362811,0.0266738,0.0886706,0.0799475,0.029184199999999997,0.06593210000000001,0.113008
130,0.187161,0.100881,0.00546468,0.0208395,0.0399321,0.0282135,0.07666310000000001,0.0336302,0.035838,0.00683296,0.0835889,0.040595400000000004,0.0138429,0.019229200000000002,0.0119386,0.0412202,0.0997038,0.122339,0.00943993,0.0226447
131,0.038707599999999995,0.0499739,0.0211237,0.042719599999999996,0.011316,0.0432831,0.031059800000000002,0.0326851,0.0517878,0.0246323,0.0505769,0.14435599999999998,0.0357061,0.0625585,0.0288189,0.0500105,0.136177,0.12202400000000001,0.00665544,0.0158274
132,0.0414546,0.0506085,0.074063,0.0822306,0.0154487,0.0473304,0.0294687,0.056329599999999994,0.022097099999999998,0.13392,0.0398244,0.0493644,0.0125005,0.060441800000000004,0.0347057,0.0751098,0.0624255,0.0361812,0.00784618,0.0686486
133,0.244034,0.0477514,0.00682897,0.012369100000000001,0.00869867,0.015825299999999997,0.029357099999999997,0.0066335,0.00973173,0.0161088,0.0292043,0.0113858,0.451346,0.0167606,0.00897277,0.0315913,0.021675200000000002,0.0159815,0.00819379,0.00754945
134,0.0159701,0.026124500000000002,0.0185655,0.016,0.042332,0.019018599999999997,0.033568,0.048755900000000005,0.0197665,0.41741300000000003,0.11523199999999999,0.0189476,0.036499300000000005,0.0157636,0.014124600000000001,0.012447,0.049767900000000004,0.0342193,0.026023200000000003,0.0194605
135,0.10037599999999999,0.0257382,0.022114099999999998,0.0490789,0.017134200000000002,0.235958,0.042188699999999996,0.00894876,0.0195018,0.0242576,0.0230341,0.0435431,0.0389258,0.0406754,0.0299278,0.175554,0.0360385,0.0247578,0.032367599999999996,0.00987873
136,0.0862694,0.028997000000000002,0.0127037,0.0489531,0.0284189,0.0335804,0.0684146,0.034849,0.236542,0.022309799999999998,0.07936019999999999,0.0329681,0.015623,0.0186658,0.135908,0.0197264,0.035590699999999996,0.019903999999999998,0.026755200000000003,0.0144607
137,0.041904000000000004,0.0318041,0.027011400000000005,0.045805599999999995,0.012379000000000001,0.49746899999999994,0.0155306,0.023924900000000002,0.021671700000000002,0.023140599999999997,0.0211033,0.0270543,0.020295,0.037280400000000005,0.0356569,0.0172269,0.0110698,0.0312144,0.034633699999999996,0.0238247
138,0.0849995,0.0406481,0.039791599999999996,0.0189544,0.0201828,0.013859,0.0066824,0.167024,0.0181078,0.0635966,0.14268599999999998,0.00962795,0.00798636,0.0195859,0.0130244,0.0228523,0.09422389999999999,0.188997,0.012853299999999998,0.014316399999999998
139,0.018650599999999996,0.026883400000000002,0.014363800000000001,0.0182873,0.039111,0.044460400000000004,0.0353373,0.0199804,0.030296899999999998,0.020302200000000003,0.0279738,0.02752,0.015387799999999998,0.08707369999999999,0.405301,0.0317783,0.0388356,0.041494199999999995,0.022199200000000002,0.034763999999999996
140,0.034324099999999996,0.0257223,0.0179111,0.0239238,0.0175308,0.017503400000000002,0.00746639,0.0093758,0.13430799999999998,0.00962186,0.0246127,0.0277198,0.0112017,0.0129488,0.5005029999999999,0.0472283,0.0180708,0.011015899999999999,0.038052300000000004,0.0109586
141,0.019381,0.0114454,0.00777933,0.030781,0.011781,0.06925310000000001,0.0536165,0.109527,0.11952,0.0381926,0.0325878,0.0750969,0.00214685,0.0532624,0.055613699999999995,0.0210888,0.162378,0.10386,0.012228,0.010460299999999999
142,0.0187894,0.0229517,0.0181613,0.013425799999999998,0.041675199999999996,0.013561700000000001,0.014461400000000001,0.441172,0.0263057,0.14611500000000002,0.0484024,0.0274453,0.0182633,0.0216952,0.010458499999999999,0.017670500000000002,0.025725900000000003,0.0447059,0.0204938,0.0085197
143,0.0121468,0.042694800000000005,0.021835499999999997,0.011758,0.037879699999999995,0.0140806,0.033962900000000004,0.0360594,0.012193899999999999,0.00945887,0.0234064,0.0404002,0.015177200000000002,0.0118474,0.00865845,0.014599,0.017359700000000002,0.0143709,0.022183,0.5999270000000001
144,0.29587199999999997,0.026653800000000002,0.030445599999999996,0.0161161,0.0718976,0.0204758,0.0171366,0.05137719999999999,0.015719399999999998,0.0224243,0.0314816,0.013694799999999998,0.0241459,0.016349000000000002,0.0081708,0.12854100000000002,0.129461,0.040828300000000005,0.0166203,0.022588499999999997
145,0.0722047,0.0689743,0.012869899999999998,0.0182207,0.0283573,0.013826499999999999,0.017397299999999997,0.0145863,0.0244132,0.0205917,0.0170107,0.029985500000000002,0.289504,0.06852269999999999,0.11861300000000001,0.027129900000000002,0.032976,0.0878836,0.00932658,0.027606799999999997
146,0.033535300000000004,0.0434606,0.038482499999999996,0.018093900000000003,0.0231615,0.327073,0.052754499999999996,0.021735900000000002,0.00984354,0.035347500000000004,0.040428399999999996,0.0403349,0.00905221,0.0295236,0.0114197,0.177569,0.0206721,0.019133400000000002,0.0173623,0.0310154
147,0.0641035,0.06802430000000001,0.0212241,0.023572299999999997,0.047441500000000004,0.0857567,0.0408426,0.103218,0.0395465,0.051587,0.201794,0.0228394,0.0106691,0.048933,0.0311577,0.016501,0.039028600000000004,0.0331704,0.0189497,0.0316406
148,0.0612012,0.0277124,0.00992141,0.00550024,0.0156955,0.104229,0.084191,0.00680081,0.00522554,0.0064736,0.0191576,0.196684,0.023456499999999998,0.09020589999999999,0.00587542,0.22358899999999998,0.0395672,0.0230882,0.0241901,0.0272348
