site,A,C,D,E,F,G,H,I,K,L,M,N,P,Q,R,S,T,V,W,Y
1,0.031380200000000004,0.025329400000000002,0.00734185,0.0118249,0.0104824,0.0896513,0.0053299,0.136908,0.0222437,0.053771900000000004,0.030496,0.050276999999999995,0.00368061,0.00703256,0.00715923,0.156197,0.19531500000000002,0.138059,0.00831861,0.00920225
2,0.156323,0.20086199999999999,0.00541934,0.00466833,0.0178879,0.05449349999999999,0.0123777,0.028498500000000003,0.0360751,0.00834977,0.0612007,0.111528,0.020914099999999998,0.069451,0.0119781,0.0497799,0.042509899999999996,0.0778625,0.0170703,0.0127506
3,0.0762521,0.036228500000000004,0.02469,0.014756299999999998,0.0187442,0.022193400000000002,0.0277962,0.0227206,0.0229963,0.027849799999999997,0.0325539,0.0158532,0.335229,0.037901199999999996,0.0182351,0.0811417,0.10532799999999999,0.0455392,0.0157654,0.0182266
4,0.0366778,0.025625400000000003,0.00898704,0.013354,0.0107542,0.011504200000000001,0.05796799999999999,0.0240982,0.09434780000000001,0.053249,0.0412103,0.0252162,0.134416,0.08014349999999999,0.053402599999999995,0.0362792,0.18520599999999998,0.0644968,0.03266,0.0104037
5,0.11896,0.036964699999999996,0.0115874,0.019893200000000003,0.04159330000000001,0.0761401,0.055751499999999996,0.00803341,0.043135900000000005,0.0192757,0.0266413,0.056973,0.019602599999999998,0.0381728,0.0157864,0.24147,0.09694080000000001,0.0178943,0.0267035,0.0284806
6,0.016740900000000003,0.019356900000000003,0.028852099999999995,0.0118215,0.013608100000000001,0.019859599999999998,0.015560299999999997,0.0310377,0.037639099999999995,0.00991801,0.0191255,0.0177367,0.014447299999999998,0.0245476,0.605563,0.030642900000000004,0.022578099999999997,0.0128678,0.0161985,0.0318975
7,0.0255857,0.0417151,0.0545341,0.0188317,0.0238326,0.0508886,0.0310986,0.060463300000000005,0.0200673,0.055053599999999994,0.024742300000000002,0.0648782,0.0193025,0.155135,0.0339414,0.10503900000000001,0.129457,0.0249463,0.014616899999999999,0.0458708
8,0.011596500000000001,0.015472,0.015397899999999999,0.018943099999999997,0.628127,0.00633887,0.0380232,0.0379444,0.00771079,0.0249577,0.008784299999999998,0.0139673,0.0732296,0.014154399999999998,0.00333618,0.0173077,0.0179074,0.0145387,0.010638,0.0216245
9,0.119103,0.222061,0.00925474,0.010082899999999999,0.035365100000000003,0.05494119999999999,0.00895771,0.026208799999999997,0.00662861,0.0432686,0.156749,0.018588099999999996,0.00751462,0.018008,0.010149799999999999,0.07232999999999999,0.10382899999999999,0.0398017,0.0160463,0.021110900000000002
10,0.25140999999999997,0.0240754,0.024771400000000002,0.00946451,0.00856323,0.0235423,0.019790400000000003,0.07774500000000001,0.016585299999999997,0.0258433,0.0279236,0.0626987,0.181038,0.021861500000000002,0.0114293,0.00953519,0.160945,0.019349500000000002,0.0145036,0.00892547
11,0.144705,0.08321100000000001,0.0278269,0.0228467,0.0448092,0.08941110000000001,0.0153559,0.0132499,0.00935802,0.0100727,0.0254039,0.0426093,0.032718000000000004,0.010503100000000001,0.0102989,0.303451,0.032465499999999994,0.0367091,0.0165701,0.0284257
12,0.0894359,0.039127999999999996,0.0228231,0.00776408,0.0271605,0.0223882,0.040699900000000004,0.019592599999999998,0.0456177,0.151623,0.0359106,0.0141727,0.0402148,0.044057400000000004,0.086985,0.030457299999999996,0.14855,0.0522317,0.0381903,0.0429966
13,0.0484804,0.13250399999999998,0.0108307,0.018175999999999998,0.0189441,0.00432784,0.0100413,0.339917,0.010822,0.018937,0.023357299999999998,0.0287813,0.00475698,0.011783400000000001,0.00411878,0.0201334,0.112623,0.154396,0.00895722,0.018112599999999996
14,0.072188,0.0285702,0.0161994,0.012078,0.00803281,0.017555,0.00892798,0.06470319999999999,0.0294899,0.031269599999999995,0.246229,0.019263299999999997,0.00886485,0.0115367,0.00842315,0.022274000000000002,0.16523800000000002,0.196232,0.0205446,0.0123797
15,0.028304500000000003,0.0163793,0.00332903,0.026025200000000002,0.21348699999999998,0.00637175,0.021197900000000002,0.0516822,0.0202307,0.06710160000000001,0.038247,0.0780188,0.06587219999999999,0.0571062,0.00705902,0.136913,0.0368145,0.026050999999999998,0.0238845,0.07592489999999999
16,0.021153,0.0351386,0.0151884,0.017199400000000004,0.0222666,0.0261423,0.0170512,0.0227388,0.0387485,0.031951099999999996,0.03742519999999999,0.0109381,0.024580200000000003,0.0207765,0.53299,0.0174795,0.027992799999999998,0.0304123,0.030265800000000002,0.019561099999999998
17,0.10417699999999999,0.0180765,0.00939635,0.0124031,0.00880648,0.0131482,0.0123811,0.026607599999999995,0.05438540000000001,0.024888499999999997,0.0242914,0.017537599999999997,0.017153099999999998,0.0244929,0.25596599999999997,0.138326,0.19455899999999998,0.0135196,0.00603499,0.0238478
18,0.0292387,0.0562334,0.026716700000000003,0.0253112,0.043651499999999996,0.0268933,0.015688399999999998,0.0439011,0.0445437,0.0563512,0.342012,0.0264188,0.0158947,0.0320341,0.0286922,0.0285955,0.029210900000000005,0.0940141,0.0199612,0.0146374
19,0.153866,0.019344099999999996,0.00757629,0.041533,0.0109642,0.0379168,0.0273257,0.0675452,0.0635785,0.0235364,0.0195138,0.0382142,0.0348219,0.0388495,0.256292,0.0810138,0.035412,0.0292535,0.00698987,0.00645132
20,0.033467199999999996,0.115504,0.0116712,0.0223442,0.0220081,0.0159878,0.10618,0.00829052,0.0981578,0.089216,0.010945100000000001,0.020772,0.0147293,0.059195500000000005,0.0830788,0.151819,0.0664336,0.0325841,0.00507854,0.032536
21,0.028230099999999998,0.150483,0.00902061,0.00688625,0.22565500000000002,0.026914599999999997,0.052641499999999994,0.021137,0.0252132,0.0231085,0.10321300000000001,0.0348082,0.014161600000000002,0.07085269999999999,0.0119687,0.0282839,0.0277053,0.020194900000000002,0.0322974,0.0872247
22,0.047709800000000004,0.0738788,0.0309233,0.018022,0.24524200000000002,0.0754569,0.0251498,0.028767599999999997,0.0308325,0.0335376,0.0901052,0.0145787,0.060125,0.017968500000000002,0.016731599999999996,0.047236900000000005,0.0191303,0.036319699999999996,0.0274241,0.0608601
23,0.10037599999999999,0.0257382,0.022114099999999998,0.0490789,0.017134200000000002,0.235958,0.042188699999999996,0.00894876,0.0195018,0.0242576,0.0230341,0.0435431,0.0389258,0.0406754,0.0299278,0.175554,0.0360385,0.0247578,0.032367599999999996,0.00987873
24,0.030958499999999996,0.0236976,0.0280302,0.019575,0.0345496,0.0192247,0.0142046,0.0419472,0.0282246,0.0329516,0.039617,0.0468136,0.0263043,0.0238575,0.01996,0.0230232,0.0538769,0.44710500000000003,0.028676,0.017403000000000002
25,0.488306,0.05741810000000001,0.0109708,0.0367548,0.0202418,0.0400529,0.029330900000000003,0.0124914,0.028553700000000005,0.019118200000000002,0.019254900000000002,0.034912900000000004,0.025655,0.0187003,0.0079339,0.046998000000000005,0.0345237,0.0316341,0.0236359,0.013512999999999999
26,0.0157815,0.0105659,0.0143067,0.013260399999999999,0.0196155,0.017796,0.0156689,0.00901136,0.23731100000000002,0.011177600000000001,0.11320999999999999,0.013041299999999999,0.012228600000000001,0.013184399999999999,0.358981,0.0305555,0.028521499999999998,0.022453599999999997,0.0341649,0.00916507
27,0.102967,0.135497,0.014180799999999999,0.031291900000000004,0.0254452,0.0609471,0.0140988,0.013937999999999999,0.013287700000000001,0.00728368,0.0146827,0.012999200000000002,0.0182827,0.014527700000000001,0.0090023,0.337301,0.092318,0.0385097,0.0101955,0.033244300000000004
28,0.039378699999999996,0.029729000000000002,0.00975316,0.029122500000000003,0.0176778,0.168113,0.0262194,0.0408407,0.011934899999999998,0.00644748,0.021121400000000002,0.0285531,0.13159400000000002,0.07393939999999999,0.0108185,0.167324,0.045558999999999995,0.0963961,0.0343635,0.0111149
29,0.072188,0.0285702,0.0161994,0.012078,0.00803281,0.017555,0.00892798,0.06470319999999999,0.0294899,0.031269599999999995,0.246229,0.019263299999999997,0.00886485,0.0115367,0.00842315,0.022274000000000002,0.16523800000000002,0.196232,0.0205446,0.0123797
30,0.0327279,0.0802479,0.0147007,0.012676100000000001,0.028661900000000004,0.00991049,0.048769,0.12976600000000002,0.0529025,0.054981600000000005,0.268865,0.0211766,0.0111569,0.0262288,0.0170934,0.0152505,0.055768399999999996,0.039508999999999996,0.018355200000000002,0.0612526
31,0.0117387,0.06362709999999999,0.012514299999999999,0.027277099999999995,0.0419064,0.00937547,0.0491662,0.0636514,0.05655509999999999,0.024753099999999997,0.0355642,0.07003480000000001,0.00904502,0.0842882,0.117925,0.08322689999999999,0.0261161,0.15623499999999998,0.0231405,0.0338597
32,0.11949000000000001,0.032862999999999996,0.00654238,0.00406542,0.020103599999999996,0.00963539,0.054364800000000005,0.105675,0.13054300000000002,0.042581,0.0826548,0.016089199999999998,0.010049700000000002,0.0647769,0.203544,0.0187998,0.0158003,0.025807,0.0091823,0.027431900000000002
33,0.0707817,0.022949400000000002,0.00748042,0.013354399999999999,0.0389717,0.052265099999999995,0.043950300000000005,0.0152226,0.044706199999999995,0.0446073,0.045143300000000004,0.028731700000000002,0.0130761,0.036942,0.206484,0.0451741,0.0362867,0.08389680000000001,0.029258099999999995,0.120718
34,0.035901199999999994,0.0553273,0.012932599999999999,0.028173700000000003,0.0545332,0.0117513,0.031868099999999996,0.0566033,0.019649200000000002,0.0324195,0.161772,0.0431301,0.0384824,0.212907,0.025406799999999997,0.024234400000000003,0.07879320000000001,0.028061799999999998,0.0196491,0.0284043
35,0.130349,0.0127374,0.00919393,0.0449048,0.018292,0.0223707,0.0124383,0.00871763,0.0140623,0.026289499999999997,0.0287632,0.0131361,0.37556300000000004,0.024807299999999997,0.0736154,0.0682579,0.0520913,0.0330282,0.020281099999999996,0.0111013
36,0.243694,0.050089800000000004,0.0394922,0.00952216,0.0417912,0.11069000000000001,0.0187862,0.05165309999999999,0.015787100000000002,0.0377615,0.08663939999999999,0.0357299,0.013362100000000002,0.013687999999999999,0.00819794,0.08731169999999999,0.028651799999999998,0.0720638,0.021687400000000003,0.013400200000000001
37,0.011963600000000001,0.0207984,0.0166947,0.020158900000000004,0.0151016,0.0390633,0.025935800000000002,0.0273395,0.0392759,0.0289329,0.032519900000000004,0.018830200000000002,0.0232463,0.0150049,0.508825,0.0303093,0.0282535,0.00933541,0.042823400000000005,0.0455876
38,0.0435761,0.0160144,0.0215501,0.016354399999999998,0.044815,0.0215765,0.103743,0.193046,0.0521111,0.07753639999999999,0.0395057,0.0237676,0.023384099999999998,0.033407,0.060205299999999996,0.045621300000000004,0.0552885,0.0499332,0.0242743,0.0542899
39,0.244034,0.0477514,0.00682897,0.012369100000000001,0.00869867,0.015825299999999997,0.029357099999999997,0.0066335,0.00973173,0.0161088,0.0292043,0.0113858,0.451346,0.0167606,0.00897277,0.0315913,0.021675200000000002,0.0159815,0.00819379,0.00754945
40,0.024110200000000002,0.0154933,0.0701345,0.49658800000000003,0.00846583,0.0483901,0.00629737,0.020479900000000002,0.0412495,0.0192044,0.0194762,0.0300344,0.023253700000000002,0.0286817,0.00936597,0.033607599999999994,0.0217241,0.06374550000000001,0.010725100000000001,0.00897415
41,0.08684510000000001,0.08514719999999999,0.0421835,0.015659,0.0217865,0.291934,0.0207403,0.0120425,0.015464799999999999,0.034658800000000003,0.0303343,0.0604319,0.010160299999999999,0.0477804,0.015649299999999998,0.100365,0.0419082,0.047645099999999996,0.00654953,0.0127148
42,0.08579400000000001,0.0329158,0.024261900000000003,0.0399214,0.028923200000000003,0.284525,0.0251693,0.0241188,0.032574900000000004,0.023625099999999996,0.029914,0.029726799999999998,0.020187,0.028880400000000004,0.072443,0.06134490000000001,0.0207696,0.0627618,0.031016700000000005,0.041126800000000005
43,0.030424,0.06928510000000002,0.017990400000000004,0.028380000000000002,0.015326499999999998,0.0355292,0.0500105,0.0215321,0.045737400000000004,0.036362,0.06985319999999999,0.0106328,0.0324237,0.413836,0.0256796,0.0104162,0.027685500000000002,0.0119897,0.0274019,0.0195044
44,0.0103523,0.026918200000000003,0.00866148,0.0191352,0.00829201,0.0237793,0.0589328,0.0297628,0.0458195,0.0081727,0.0194527,0.016340200000000003,0.006591500000000001,0.0198409,0.585936,0.021238999999999997,0.025396000000000002,0.012368700000000002,0.030676099999999998,0.022332499999999998
45,0.0779357,0.044467599999999996,0.0422996,0.00791221,0.0197731,0.028594099999999997,0.00609921,0.00953417,0.00393982,0.00756186,0.0390068,0.17941300000000002,0.0767572,0.00784049,0.00449827,0.349552,0.03591830000000001,0.00922731,0.00679277,0.042876300000000006
46,0.0143822,0.0244619,0.028145099999999996,0.0216247,0.036336900000000005,0.0511241,0.019875900000000002,0.022805900000000004,0.07560089999999998,0.014007200000000001,0.0286126,0.0734241,0.0169074,0.016944499999999998,0.44636499999999996,0.0320319,0.021806799999999998,0.0214827,0.0240858,0.00997497
47,0.0207545,0.0477473,0.0118529,0.027869400000000003,0.033444999999999996,0.0208696,0.0365945,0.0459234,0.017895400000000002,0.405145,0.0496483,0.013161099999999998,0.0188773,0.0131951,0.015413999999999999,0.0324221,0.06633539999999999,0.055643399999999996,0.0481886,0.0190176
48,0.0382894,0.0472466,0.121236,0.0318989,0.0722648,0.038463300000000006,0.0841542,0.00928716,0.0357346,0.027062,0.038439,0.144073,0.00281749,0.0880654,0.0421449,0.0544399,0.0429605,0.0435786,0.00727492,0.0305697
49,0.169488,0.025774000000000002,0.0222487,0.00683844,0.0382594,0.0174914,0.05574199999999999,0.0382282,0.0332077,0.0597933,0.0222815,0.23386700000000002,0.00852562,0.077333,0.0165261,0.0247365,0.0345792,0.0173984,0.04176830000000001,0.055913599999999994
50,0.0646005,0.00832147,0.012029600000000001,0.0183115,0.017915900000000002,0.0645923,0.045033,0.031453800000000004,0.102604,0.041923300000000004,0.051738900000000004,0.0852151,0.016886599999999998,0.048849300000000005,0.138993,0.06752539999999999,0.0740056,0.042439,0.0524465,0.015116299999999997
51,0.0304805,0.06479410000000001,0.166237,0.039365699999999997,0.00608204,0.10585399999999999,0.0403611,0.0236384,0.028038999999999998,0.034286000000000004,0.018659400000000003,0.068267,0.0541804,0.06572710000000001,0.025384999999999998,0.045913999999999996,0.07216,0.0384294,0.0159294,0.056211199999999996
52,0.00528452,0.013615299999999999,0.00631543,0.00628495,0.00795126,0.0184269,0.00467245,0.00400241,0.00508044,0.0270425,0.0119939,0.0064684,0.027999999999999997,0.0519721,0.7558560000000001,0.00416846,0.007185300000000001,0.00504122,0.0254168,0.00522253
53,0.0333096,0.0289483,0.0218136,0.0232528,0.021284400000000002,0.07867460000000001,0.08158889999999999,0.049714999999999995,0.021333599999999998,0.0430908,0.08430839999999999,0.0186513,0.019352099999999997,0.041411500000000004,0.27366599999999996,0.0385716,0.0371462,0.0165725,0.0493922,0.017917500000000003
54,0.0140262,0.0189402,0.0107543,0.0112262,0.00708997,0.011090899999999999,0.011081200000000001,0.115547,0.0240928,0.18995399999999998,0.44566999999999996,0.00969358,0.00749549,0.0230888,0.0109037,0.0125858,0.0185043,0.033242400000000005,0.0134327,0.0115802
55,0.021153,0.0351386,0.0151884,0.017199400000000004,0.0222666,0.0261423,0.0170512,0.0227388,0.0387485,0.031951099999999996,0.03742519999999999,0.0109381,0.024580200000000003,0.0207765,0.53299,0.0174795,0.027992799999999998,0.0304123,0.030265800000000002,0.019561099999999998
56,0.0160798,0.025838999999999997,0.039316699999999996,0.456541,0.0204773,0.0384716,0.0518621,0.03214790000000001,0.029838200000000002,0.0288414,0.028662299999999998,0.0182695,0.0248775,0.025757799999999997,0.0278202,0.022112700000000002,0.024829900000000002,0.037023099999999996,0.0195634,0.031668
57,0.0282676,0.027000200000000002,0.0385395,0.0185898,0.026697199999999997,0.0368035,0.0203561,0.0192823,0.024909099999999997,0.029060500000000003,0.024842700000000002,0.030041599999999998,0.0175524,0.027294400000000003,0.0220958,0.510566,0.0393291,0.0187724,0.0241947,0.0158044
58,0.0113808,0.0211821,0.0191366,0.035306199999999996,0.0186877,0.00715761,0.0285007,0.024549500000000002,0.516154,0.0144019,0.0230195,0.029400299999999997,0.0156847,0.0455302,0.0953,0.0293481,0.020955500000000002,0.00857514,0.024502799999999998,0.0112263
59,0.0858804,0.07538510000000001,0.00425068,0.0223524,0.00343509,0.017834799999999998,0.0461364,0.13985999999999998,0.0177664,0.00615052,0.0317222,0.0283562,0.0033249000000000004,0.21881,0.0116683,0.05028030000000001,0.08666839999999999,0.0940793,0.030504900000000005,0.0255335
60,0.0191454,0.021013900000000002,0.023631700000000002,0.018687400000000003,0.0411998,0.00650182,0.0368717,0.11577,0.020699799999999997,0.0697893,0.09362050000000001,0.0260406,0.0241542,0.0855152,0.0071792,0.0109742,0.0424887,0.310177,0.0121317,0.014408100000000002
61,0.0447649,0.0408461,0.00593196,0.0196349,0.0132984,0.05834930000000001,0.0350784,0.0169898,0.045588699999999996,0.0211609,0.035245900000000004,0.0438963,0.228388,0.133638,0.0332973,0.062244100000000004,0.039956599999999995,0.0579061,0.0452281,0.0185568
62,0.012820400000000001,0.00957308,0.09942949999999999,0.291323,0.012243200000000001,0.0266921,0.020365,0.0127961,0.0491601,0.023475,0.0654488,0.0718534,0.024100200000000002,0.059895500000000004,0.0335128,0.0556236,0.0219794,0.052699300000000004,0.032322500000000004,0.0246866
63,0.0389478,0.0496933,0.018384,0.0240101,0.0403937,0.050854199999999995,0.0754331,0.0408323,0.023237900000000002,0.255705,0.0407103,0.0175667,0.055183,0.031575099999999995,0.0247453,0.102618,0.0364592,0.038952099999999996,0.016618,0.018081299999999998
64,0.10417699999999999,0.0180765,0.00939635,0.0124031,0.00880648,0.0131482,0.0123811,0.026607599999999995,0.05438540000000001,0.024888499999999997,0.0242914,0.017537599999999997,0.017153099999999998,0.0244929,0.25596599999999997,0.138326,0.19455899999999998,0.0135196,0.00603499,0.0238478
65,0.254226,0.0212065,0.0154475,0.0108098,0.013956399999999999,0.107485,0.00962016,0.021044,0.057733900000000005,0.012146200000000001,0.0219109,0.023132800000000002,0.014174200000000001,0.032124900000000005,0.019740900000000002,0.0765164,0.216606,0.0493548,0.00875451,0.014009200000000001
66,0.029711,0.0239334,0.0169147,0.0562783,0.0244107,0.470448,0.0145221,0.0191144,0.0229803,0.024786700000000002,0.0345518,0.017517500000000002,0.0126841,0.015055100000000002,0.021381099999999997,0.0623529,0.0529837,0.0322459,0.0316137,0.0165143
67,0.0783184,0.0549425,0.0202951,0.020595099999999998,0.0318599,0.060588800000000005,0.0192438,0.0316144,0.014218999999999999,0.0116028,0.0364695,0.0357548,0.0230216,0.037314,0.0137641,0.3886,0.032061,0.023883,0.0188747,0.0469769
68,0.113351,0.0772528,0.0435425,0.037424900000000004,0.0187275,0.18043199999999998,0.034062699999999994,0.038313099999999996,0.024741299999999997,0.0191605,0.031576599999999996,0.018779499999999998,0.0413732,0.10512,0.0236208,0.100329,0.051855,0.028640199999999998,0.00405379,0.0076438999999999995
69,0.0499516,0.013322299999999999,0.015866599999999998,0.0167333,0.0125714,0.014294799999999998,0.0150605,0.025566,0.049641000000000005,0.016630900000000004,0.05429830000000001,0.020355500000000002,0.0110007,0.019662,0.0213952,0.11721300000000001,0.47178100000000006,0.0214076,0.0235304,0.00971765
70,0.0160798,0.025838999999999997,0.039316699999999996,0.456541,0.0204773,0.0384716,0.0518621,0.03214790000000001,0.029838200000000002,0.0288414,0.028662299999999998,0.0182695,0.0248775,0.025757799999999997,0.0278202,0.022112700000000002,0.024829900000000002,0.037023099999999996,0.0195634,0.031668
71,0.05890369999999999,0.050959199999999996,0.027504300000000002,0.009662899999999999,0.010869499999999999,0.056153999999999996,0.0207477,0.0222191,0.012017299999999998,0.00573241,0.0178066,0.055541099999999996,0.00983008,0.05491990000000001,0.0204013,0.385944,0.08866289999999999,0.06677960000000001,0.0111386,0.014205200000000003
72,0.0985738,0.031716900000000006,0.0170466,0.0432089,0.00903376,0.042313199999999995,0.0425409,0.0188742,0.18170999999999998,0.0418248,0.0437954,0.12030899999999999,0.0111174,0.016842199999999998,0.106552,0.021790900000000002,0.044476800000000004,0.0838064,0.0143841,0.010083100000000001
73,0.047709800000000004,0.0738788,0.0309233,0.018022,0.24524200000000002,0.0754569,0.0251498,0.028767599999999997,0.0308325,0.0335376,0.0901052,0.0145787,0.060125,0.017968500000000002,0.016731599999999996,0.047236900000000005,0.0191303,0.036319699999999996,0.0274241,0.0608601
74,0.0200525,0.027719499999999998,0.036189400000000004,0.0193487,0.0331069,0.5874119999999999,0.0175987,0.0181574,0.023540900000000003,0.0114681,0.0283707,0.0171576,0.011455100000000001,0.025481,0.021768799999999998,0.028469900000000003,0.0165551,0.0174385,0.0218367,0.016873
75,0.0492568,0.08571010000000001,0.0216252,0.0650067,0.0220281,0.044963699999999995,0.061765499999999994,0.0528156,0.0266305,0.085858,0.044636,0.035531599999999997,0.0154589,0.017615400000000003,0.00942821,0.05909119999999999,0.030443,0.200587,0.0234794,0.0480694
76,0.32965700000000003,0.0748713,0.042688699999999996,0.0253322,0.0105197,0.08782050000000001,0.0110363,0.0165904,0.013614099999999999,0.00825118,0.0137623,0.013846,0.0172874,0.0121161,0.010580299999999999,0.13381500000000002,0.116326,0.0240515,0.019803400000000002,0.0180308
77,0.0194471,0.0409733,0.0646533,0.247646,0.0291533,0.0381815,0.0368245,0.017166400000000002,0.0474384,0.08323989999999999,0.054113999999999995,0.0407609,0.016388800000000002,0.0839327,0.00904953,0.0395596,0.0502338,0.0362136,0.028258600000000002,0.0167639
78,0.034575699999999994,0.030782900000000002,0.012407099999999999,0.017878,0.0361158,0.0280745,0.0316028,0.0332876,0.015747999999999998,0.0403911,0.0278865,0.019243200000000002,0.0084243,0.0217865,0.029907200000000002,0.10958299999999999,0.019655799999999998,0.0211777,0.428275,0.0331977
79,0.109214,0.0365001,0.037538300000000004,0.0330603,0.00911621,0.181623,0.0325529,0.0147534,0.0419999,0.11113699999999999,0.0414468,0.037110500000000005,0.00667438,0.0736935,0.047020599999999996,0.039351599999999994,0.0667245,0.0442587,0.0227067,0.013518899999999999
80,0.08632260000000001,0.06719810000000001,0.0159743,0.00947388,0.0674302,0.0201667,0.0240755,0.046548,0.0280786,0.05559119999999999,0.0627443,0.0711467,0.044378100000000004,0.0112216,0.116869,0.0471388,0.100604,0.08338949999999999,0.0204429,0.0212062
81,0.031062799999999998,0.0368017,0.0352263,0.0500775,0.033599800000000006,0.462079,0.020531599999999997,0.0275469,0.019550900000000003,0.0154613,0.029095999999999997,0.0262228,0.019574,0.0217917,0.035520800000000005,0.0181541,0.024909099999999997,0.035986699999999996,0.030822199999999998,0.0259853
82,0.08178150000000001,0.0333402,0.0890235,0.20119,0.021427599999999998,0.023272099999999997,0.029827600000000003,0.0765493,0.0144658,0.0358575,0.0122306,0.0253231,0.0672586,0.0651938,0.00661333,0.0275628,0.0431078,0.100218,0.0180484,0.0277065
83,0.0146269,0.016844099999999997,0.0279704,0.0391175,0.0426223,0.0447361,0.23019299999999998,0.045161099999999996,0.011537899999999999,0.0934447,0.0181055,0.031312099999999995,0.00994681,0.0967906,0.0199624,0.0278783,0.0247815,0.10236,0.0340954,0.06851389999999999
84,0.041938800000000005,0.0553317,0.00902034,0.017905400000000002,0.08179310000000001,0.016346100000000002,0.022641099999999997,0.13353900000000002,0.017106599999999996,0.166463,0.039131400000000004,0.0808688,0.00721406,0.0162921,0.00327611,0.0193045,0.14727300000000002,0.07759010000000001,0.0170085,0.0299553
85,0.07802150000000001,0.026440699999999998,0.0111135,0.00812347,0.025315200000000003,0.052294799999999995,0.0155778,0.036740800000000004,0.0546235,0.058885599999999996,0.10713199999999999,0.0321654,0.00299863,0.0377593,0.115904,0.128546,0.0197858,0.0987706,0.059259000000000006,0.0305418
86,0.0647782,0.11253699999999998,0.0160815,0.0157415,0.021190200000000003,0.162104,0.0103947,0.0279654,0.00832105,0.0103803,0.0144683,0.0337838,0.0156269,0.0190778,0.0124374,0.314238,0.05309119999999999,0.0582759,0.0126419,0.0168658
87,0.00793805,0.033847699999999994,0.0113096,0.0111637,0.017758700000000002,0.0366778,0.014152799999999998,0.0286515,0.045802999999999996,0.0333586,0.011077799999999999,0.0127469,0.0138631,0.018843799999999997,0.59135,0.025112,0.0242146,0.0369574,0.0118978,0.013275799999999997
88,0.05997809999999999,0.0170422,0.0423626,0.353014,0.029561900000000002,0.0441333,0.024171400000000003,0.0244823,0.0438861,0.021247,0.020168900000000003,0.037562,0.017795599999999998,0.0897644,0.014416299999999998,0.026766599999999998,0.03806280000000001,0.04452469999999999,0.0253428,0.025717700000000003
89,0.012945600000000002,0.027285300000000002,0.045712199999999995,0.011809100000000001,0.0989683,0.014952200000000002,0.0142308,0.0262134,0.014661000000000002,0.01891,0.0190555,0.014464700000000002,0.0140101,0.0122165,0.0220274,0.023446099999999997,0.00895879,0.017031400000000002,0.44544700000000004,0.137655
90,0.0337349,0.0950167,0.00494822,0.0158709,0.014319,0.0065393000000000005,0.00852046,0.173434,0.0109468,0.10819400000000001,0.0701658,0.00574589,0.005561399999999999,0.019922,0.00488361,0.0112695,0.0682452,0.315823,0.00983969,0.01702
91,0.0392853,0.19906,0.0105119,0.0486237,0.025724200000000003,0.0495064,0.0143672,0.07624249999999999,0.0710459,0.04904,0.030577800000000002,0.0259037,0.00775218,0.0242381,0.033257300000000004,0.0787076,0.043078399999999996,0.07565060000000001,0.0701237,0.0273031
92,0.0379027,0.0293399,0.5283399999999999,0.0447202,0.0171601,0.0371628,0.0433562,0.014862899999999998,0.0174465,0.0105111,0.027479900000000005,0.033191399999999996,0.0106216,0.013547799999999999,0.0120836,0.0146118,0.0184034,0.0349664,0.022403599999999996,0.031887599999999995
93,0.0103523,0.026918200000000003,0.00866148,0.0191352,0.00829201,0.0237793,0.0589328,0.0297628,0.0458195,0.0081727,0.0194527,0.016340200000000003,0.006591500000000001,0.0198409,0.585936,0.021238999999999997,0.025396000000000002,0.012368700000000002,0.030676099999999998,0.022332499999999998
94,0.015332299999999998,0.021159099999999997,0.011740500000000001,0.00977719,0.00725145,0.129175,0.0184433,0.0232578,0.035780599999999996,0.00478476,0.00642203,0.0728541,0.00376488,0.10256099999999999,0.173265,0.111937,0.113646,0.10621400000000002,0.00552994,0.0271038
95,0.0518356,0.0882585,0.00736176,0.013003799999999998,0.0372921,0.0338987,0.09329119999999999,0.0738234,0.11746,0.050582,0.110001,0.041792800000000005,0.00814852,0.0754874,0.0422278,0.019521599999999997,0.0394313,0.0666255,0.0255553,0.00440254
96,0.0249274,0.026979900000000005,0.013022200000000001,0.0451119,0.020091499999999998,0.0267848,0.015185399999999998,0.044672699999999996,0.033379400000000004,0.09559680000000001,0.366861,0.0173215,0.010787999999999999,0.09832139999999999,0.0158653,0.036859699999999995,0.0313917,0.0405965,0.015290200000000002,0.0209524
97,0.0862694,0.028997000000000002,0.0127037,0.0489531,0.0284189,0.0335804,0.0684146,0.034849,0.236542,0.022309799999999998,0.07936019999999999,0.0329681,0.015623,0.0186658,0.135908,0.0197264,0.035590699999999996,0.019903999999999998,0.026755200000000003,0.0144607
98,0.0382894,0.0472466,0.121236,0.0318989,0.0722648,0.038463300000000006,0.0841542,0.00928716,0.0357346,0.027062,0.038439,0.144073,0.00281749,0.0880654,0.0421449,0.0544399,0.0429605,0.0435786,0.00727492,0.0305697
99,0.0641035,0.06802430000000001,0.0212241,0.023572299999999997,0.047441500000000004,0.0857567,0.0408426,0.103218,0.0395465,0.051587,0.201794,0.0228394,0.0106691,0.048933,0.0311577,0.016501,0.039028600000000004,0.0331704,0.0189497,0.0316406
100,0.0348721,0.13153800000000002,0.0133709,0.0139255,0.017209400000000003,0.025926799999999996,0.0618486,0.07240089999999999,0.026287400000000002,0.103209,0.257796,0.0157055,0.00753688,0.0396971,0.0096726,0.0247242,0.0381889,0.0682169,0.0159152,0.0219567
101,0.0383055,0.0239885,0.0109098,0.030465100000000002,0.027782499999999998,0.00982516,0.08189049999999999,0.0328754,0.155193,0.025208,0.018162099999999997,0.0670493,0.0164612,0.047966,0.0891436,0.042057599999999994,0.196752,0.039445999999999995,0.0184342,0.0280839
102,0.036300900000000004,0.0245366,0.0459652,0.0128345,0.031728,0.0450483,0.0757778,0.0672787,0.0920223,0.055786800000000004,0.0273848,0.019773,0.148948,0.0399332,0.0357394,0.0499156,0.0305935,0.0365724,0.06449980000000001,0.059361300000000006
103,0.031991000000000006,0.063093,0.0108009,0.0349579,0.0542385,0.0133186,0.0372897,0.047811400000000004,0.025388,0.328831,0.130959,0.017774,0.0283214,0.061742399999999996,0.00613408,0.0156629,0.0369522,0.0154958,0.0253411,0.0138971
104,0.0434973,0.0294434,0.016352600000000002,0.038281,0.025552099999999998,0.396492,0.0382353,0.0206764,0.024663099999999997,0.017581799999999998,0.022244299999999998,0.0462562,0.010632299999999999,0.0322563,0.0305755,0.06611929999999999,0.034098,0.0340077,0.049208,0.0238274
105,0.020885499999999998,0.103328,0.008538500000000001,0.00649496,0.21770799999999998,0.012727200000000001,0.0747535,0.149122,0.0118256,0.0570565,0.0452426,0.0120853,0.0224909,0.0264469,0.038464099999999994,0.038639,0.053762800000000006,0.0256627,0.016418099999999998,0.058347800000000005
106,0.018311599999999997,0.049201800000000004,0.034631,0.017118400000000002,0.030366399999999998,0.0121418,0.0434299,0.0283378,0.0761017,0.00936846,0.024665400000000004,0.35232199999999997,0.00791261,0.0210046,0.0587716,0.10995799999999999,0.0576889,0.00875415,0.0126987,0.027215800000000002
107,0.0478102,0.013526499999999999,0.0113154,0.00744383,0.0433689,0.06273909999999999,0.0256159,0.027352800000000003,0.0570451,0.0118211,0.0108896,0.11742000000000001,0.075164,0.20208299999999998,0.116147,0.059120900000000004,0.05601669999999999,0.0339079,0.00828742,0.012925299999999999
108,0.0143822,0.0244619,0.028145099999999996,0.0216247,0.036336900000000005,0.0511241,0.019875900000000002,0.022805900000000004,0.07560089999999998,0.014007200000000001,0.0286126,0.0734241,0.0169074,0.016944499999999998,0.44636499999999996,0.0320319,0.021806799999999998,0.0214827,0.0240858,0.00997497
109,0.023564599999999998,0.06399740000000001,0.021084000000000002,0.0117546,0.20843699999999998,0.0237632,0.0281336,0.030194400000000003,0.020299400000000002,0.0255546,0.0304449,0.032247000000000005,0.0040390999999999995,0.0124785,0.0115977,0.0160564,0.0071361,0.0671933,0.06582350000000001,0.2962
110,0.0195757,0.029622900000000004,0.0406366,0.0394483,0.05993430000000001,0.0672898,0.0703093,0.0125492,0.06411259999999999,0.0573401,0.023066,0.033198000000000005,0.0251468,0.112687,0.141824,0.0633722,0.0247712,0.0361745,0.0668192,0.012122299999999999
111,0.012845600000000002,0.0770574,0.00756535,0.00619788,0.014565100000000001,0.013470600000000001,0.024666900000000002,0.0936545,0.00817977,0.259831,0.218802,0.0130679,0.014762299999999999,0.0184428,0.00484918,0.00460052,0.0555144,0.139216,0.00729681,0.00541352
112,0.06740449999999999,0.0252831,0.0129398,0.014468200000000002,0.0336111,0.080796,0.0416101,0.0269466,0.0193192,0.011624500000000001,0.0172488,0.0339329,0.00853813,0.011968000000000001,0.0179643,0.454638,0.0360022,0.023441200000000002,0.048189800000000005,0.0140739
113,0.018650599999999996,0.026883400000000002,0.014363800000000001,0.0182873,0.039111,0.044460400000000004,0.0353373,0.0199804,0.030296899999999998,0.020302200000000003,0.0279738,0.02752,0.015387799999999998,0.08707369999999999,0.405301,0.0317783,0.0388356,0.041494199999999995,0.022199200000000002,0.034763999999999996
114,0.167182,0.019971,0.012643399999999999,0.00459155,0.00961141,0.0533556,0.0194716,0.016273,0.0219725,0.0186994,0.0135135,0.0174392,0.274941,0.0262129,0.0245086,0.13538599999999998,0.080261,0.07176360000000001,0.00728487,0.00491813
115,0.10611,0.0086727,0.053441499999999996,0.0332666,0.046093,0.0890355,0.0474181,0.0169535,0.0668347,0.043501,0.044897900000000004,0.051369500000000005,0.00944169,0.055537199999999995,0.064496,0.026873,0.092537,0.040376800000000004,0.023033,0.0801122
116,0.340172,0.035521300000000006,0.0158304,0.0228233,0.00874935,0.10425899999999999,0.06488300000000001,0.006229,0.017797900000000002,0.0181259,0.113999,0.0155559,0.010947700000000001,0.037096199999999996,0.0137312,0.08588849999999999,0.040433,0.0232315,0.00934309,0.0153827
117,0.0641057,0.0161919,0.0606116,0.32545100000000005,0.0108074,0.0207418,0.0469876,0.024022099999999998,0.0799309,0.0495707,0.0840718,0.0555739,0.0282119,0.02907,0.0134721,0.00785969,0.018042700000000002,0.033851599999999996,0.0193172,0.0121083
118,0.05890369999999999,0.050959199999999996,0.027504300000000002,0.009662899999999999,0.010869499999999999,0.056153999999999996,0.0207477,0.0222191,0.012017299999999998,0.00573241,0.0178066,0.055541099999999996,0.00983008,0.05491990000000001,0.0204013,0.385944,0.08866289999999999,0.06677960000000001,0.0111386,0.014205200000000003
119,0.00701654,0.016269,0.488316,0.0503716,0.00789951,0.0201195,0.027614299999999998,0.156273,0.013652200000000001,0.00974972,0.0195007,0.0429935,0.0106515,0.0168312,0.0152221,0.0102689,0.010036,0.0344109,0.0193141,0.023489
120,0.09916069999999999,0.0635179,0.011885799999999998,0.0261774,0.058035,0.018128000000000002,0.024186199999999998,0.0252226,0.0136804,0.36620199999999997,0.0504278,0.0116646,0.0176063,0.08989689999999999,0.014144499999999999,0.0165519,0.0356517,0.036505800000000005,0.0120316,0.00932329
121,0.0304149,0.045982300000000004,0.013699100000000002,0.0284836,0.0290928,0.0158536,0.017363,0.16058699999999998,0.0550898,0.223822,0.0454654,0.0172071,0.00536816,0.0403317,0.030007299999999997,0.015636700000000003,0.035180699999999995,0.145397,0.0271219,0.0178955
122,0.08992,0.04798669999999999,0.00625968,0.0416432,0.0268813,0.025712,0.0275387,0.0114691,0.05375980000000001,0.050623,0.035413599999999996,0.042001,0.00723832,0.231776,0.0554245,0.13208399999999998,0.0284742,0.0391077,0.0347152,0.0119711
123,0.0521321,0.0167457,0.0226179,0.0180415,0.0138966,0.07228,0.053940999999999996,0.024116400000000003,0.12196099999999999,0.00969002,0.033417699999999995,0.0158882,0.0118405,0.0586302,0.242615,0.06981180000000001,0.0171338,0.0128796,0.08299930000000001,0.049361800000000004
124,0.018258299999999998,0.052739699999999994,0.00980078,0.00906412,0.04449790000000001,0.010502899999999999,0.0238125,0.0965722,0.0157341,0.321077,0.139427,0.024972400000000002,0.0198888,0.0255006,0.013855700000000002,0.020071400000000003,0.022944700000000002,0.103778,0.0152785,0.012223999999999999
125,0.00927966,0.0253435,0.0193351,0.00932244,0.013525299999999999,0.0147748,0.0264829,0.0610265,0.0309041,0.213376,0.304444,0.0231387,0.00727265,0.09511839999999999,0.0168731,0.0231255,0.0229845,0.032810900000000004,0.017359799999999998,0.033502
126,0.0138862,0.0575419,0.0313524,0.04926919999999999,0.034763499999999996,0.0252024,0.0424885,0.0234868,0.0363095,0.09481060000000001,0.0301416,0.027971100000000002,0.022890900000000002,0.360766,0.020526,0.0452466,0.0153873,0.039462300000000006,0.0170466,0.0114504
127,0.243694,0.050089800000000004,0.0394922,0.00952216,0.0417912,0.11069000000000001,0.0187862,0.05165309999999999,0.015787100000000002,0.0377615,0.08663939999999999,0.0357299,0.013362100000000002,0.013687999999999999,0.00819794,0.08731169999999999,0.028651799999999998,0.0720638,0.021687400000000003,0.013400200000000001
128,0.012845600000000002,0.0770574,0.00756535,0.00619788,0.014565100000000001,0.013470600000000001,0.024666900000000002,0.0936545,0.00817977,0.259831,0.218802,0.0130679,0.014762299999999999,0.0184428,0.00484918,0.00460052,0.0555144,0.139216,0.00729681,0.00541352
129,0.207254,0.026919,0.0337594,0.019344999999999998,0.057024,0.0579326,0.053263,0.00627803,0.0149194,0.036067400000000006,0.054601,0.06795239999999998,0.005377600000000001,0.116879,0.027641200000000005,0.09916599999999999,0.0229815,0.012281499999999999,0.061131200000000004,0.0192264
130,0.03916,0.0426298,0.00771655,0.015345600000000001,0.0615298,0.117841,0.041348800000000005,0.036433099999999996,0.0113274,0.0661172,0.0317542,0.0219184,0.023302299999999998,0.0469166,0.00958831,0.161679,0.029404200000000002,0.12244100000000001,0.0256002,0.0879453
131,0.013089400000000001,0.0250693,0.0179517,0.028270599999999996,0.02961,0.0110306,0.0439,0.0645779,0.042367300000000004,0.0925545,0.431388,0.015228299999999998,0.017666499999999998,0.028505700000000002,0.0138382,0.014085,0.0373725,0.029062599999999997,0.0250125,0.019419
132,0.20983400000000002,0.023842099999999998,0.0205847,0.0157799,0.0222915,0.239308,0.0104059,0.010725799999999999,0.0347671,0.014628700000000001,0.026608299999999998,0.181076,0.0145399,0.014044899999999999,0.0150464,0.0757556,0.0177372,0.0170834,0.016810299999999997,0.0191315
133,0.0336397,0.024637,0.0658258,0.0100686,0.026194799999999997,0.00832485,0.163176,0.0462303,0.11199400000000001,0.0360989,0.0301587,0.0489951,0.014881899999999998,0.11721,0.0689272,0.120153,0.0287786,0.0146745,0.012509600000000001,0.017522799999999998
134,0.0898978,0.0153856,0.0311222,0.020585,0.023193099999999998,0.018947099999999998,0.0332057,0.017637,0.123494,0.032633999999999996,0.0419375,0.0317965,0.0150428,0.0337406,0.283074,0.0410022,0.0177069,0.0200533,0.033854699999999995,0.07568949999999999
135,0.129077,0.024565299999999998,0.02154,0.0325051,0.010815799999999999,0.474137,0.0145542,0.019984599999999998,0.0169369,0.0116631,0.0288365,0.010917,0.0190682,0.012977299999999999,0.023402700000000002,0.0398032,0.0330074,0.0295497,0.0225165,0.024142900000000002
136,0.161775,0.096688,0.00914098,0.0133861,0.00562813,0.0355666,0.0142257,0.020201,0.0162783,0.016134100000000002,0.036208300000000006,0.0407501,0.00489243,0.027944999999999998,0.0263214,0.387243,0.05386080000000001,0.00611975,0.0134218,0.014214300000000001
137,0.0323314,0.028321,0.017035400000000003,0.0156162,0.0767947,0.010579,0.022108900000000004,0.07410560000000001,0.0110339,0.36193400000000003,0.0637876,0.0150372,0.0241989,0.0187563,0.0192482,0.012684200000000001,0.0323322,0.100802,0.029152800000000003,0.034140300000000005
138,0.0309774,0.0298789,0.00845729,0.0131214,0.0284252,0.00809323,0.0930803,0.182944,0.0112932,0.149497,0.0477713,0.030106099999999997,0.00722388,0.106896,0.00674527,0.0174727,0.0690202,0.0658995,0.03716219999999999,0.0559354
139,0.027772700000000004,0.00807202,0.0188623,0.022540099999999997,0.012727500000000001,0.0231803,0.030930799999999998,0.0236792,0.0296339,0.0155319,0.017695699999999998,0.0207922,0.016806099999999997,0.00988355,0.6396470000000001,0.0188908,0.0219863,0.014859899999999999,0.0151498,0.0113572
140,0.0171402,0.022347099999999998,0.435245,0.0406209,0.0175383,0.035427099999999996,0.0406178,0.00844956,0.012609,0.0190936,0.0228898,0.0484554,0.00694968,0.0258731,0.0130348,0.11238499999999998,0.021756,0.045877999999999995,0.0124735,0.041216199999999995
141,0.0335624,0.0380338,0.24674400000000002,0.0621658,0.0305598,0.0467843,0.034083800000000004,0.0201365,0.01832,0.048061900000000005,0.037155099999999996,0.0592578,0.09850060000000001,0.042931699999999996,0.021527099999999997,0.0268161,0.0627519,0.028883299999999997,0.0176278,0.026096800000000003
142,0.11949000000000001,0.032862999999999996,0.00654238,0.00406542,0.020103599999999996,0.00963539,0.054364800000000005,0.105675,0.13054300000000002,0.042581,0.0826548,0.016089199999999998,0.010049700000000002,0.0647769,0.203544,0.0187998,0.0158003,0.025807,0.0091823,0.027431900000000002
143,0.036083,0.0315305,0.115728,0.30782600000000004,0.0186832,0.0251589,0.0478896,0.0279288,0.027292900000000002,0.014639,0.0275302,0.0977373,0.0145761,0.0389719,0.018230200000000002,0.043697,0.0252315,0.0366283,0.0246671,0.0199712
144,0.023059200000000002,0.0424796,0.018049000000000003,0.0436389,0.062005899999999996,0.037927800000000005,0.018141400000000002,0.0817169,0.027029400000000006,0.11394100000000001,0.0315945,0.061169600000000005,0.0639515,0.038029400000000005,0.0472776,0.0496619,0.117924,0.0879841,0.00713408,0.0272848
145,0.0138161,0.0197631,0.00903596,0.0135382,0.022654,0.014425200000000001,0.102931,0.037016900000000005,0.132177,0.0310183,0.0702495,0.032111400000000005,0.00882918,0.101912,0.22938499999999998,0.0442458,0.045757,0.022086900000000003,0.0393957,0.00965171
146,0.0160071,0.0131138,0.022478599999999998,0.040592,0.028269,0.010539299999999998,0.021332499999999997,0.029474900000000002,0.0470108,0.0224979,0.029341200000000005,0.017845,0.0214305,0.580808,0.021659099999999997,0.018214400000000002,0.016253,0.0134274,0.013918999999999999,0.0157863
