site,A,C,D,E,F,G,H,I,K,L,M,N,P,Q,R,S,T,V,W,Y
1,0.156335,0.0251229,0.012083100000000001,0.0271173,0.010629600000000001,0.0949695,0.036285000000000005,0.021982599999999998,0.0704928,0.0188493,0.0110599,0.0390279,0.0591299,0.05590880000000001,0.12164200000000001,0.05244780000000001,0.0707844,0.040818400000000005,0.00934975,0.06596439999999999
2,0.413918,0.0118381,0.041160699999999995,0.0184756,0.019702900000000002,0.171147,0.0182296,0.0246673,0.020512700000000002,0.010234,0.022686599999999998,0.0172101,0.029784699999999997,0.013985,0.011109200000000001,0.0744791,0.0305332,0.019874700000000002,0.015172899999999998,0.015278899999999998
3,0.0849995,0.0406481,0.039791599999999996,0.0189544,0.0201828,0.013859,0.0066824,0.167024,0.0181078,0.0635966,0.14268599999999998,0.00962795,0.00798636,0.0195859,0.0130244,0.0228523,0.09422389999999999,0.188997,0.012853299999999998,0.014316399999999998
4,0.0207545,0.0477473,0.0118529,0.027869400000000003,0.033444999999999996,0.0208696,0.0365945,0.0459234,0.017895400000000002,0.405145,0.0496483,0.013161099999999998,0.0188773,0.0131951,0.015413999999999999,0.0324221,0.06633539999999999,0.055643399999999996,0.0481886,0.0190176
5,0.040529,0.0616211,0.00814263,0.00914795,0.0506207,0.010090799999999999,0.010024,0.35776399999999997,0.014727500000000001,0.06853189999999999,0.0419999,0.034903699999999996,0.00692589,0.023961,0.00924952,0.019033,0.039021600000000004,0.120986,0.0622438,0.0104759
6,0.0180017,0.0394264,0.07957310000000001,0.0262651,0.014825999999999999,0.053572800000000004,0.0383143,0.0332314,0.013046299999999999,0.014250899999999999,0.0145252,0.034775400000000005,0.0122319,0.0227769,0.0226611,0.328669,0.18892799999999998,0.0141903,0.0136275,0.017106200000000002
7,0.047976099999999994,0.0215908,0.031464,0.015376499999999998,0.0170095,0.0964076,0.0270651,0.025898,0.24426799999999999,0.0356879,0.051588999999999996,0.0320988,0.042246,0.061018600000000006,0.0456478,0.0709458,0.0709077,0.0403245,0.0132686,0.00920964
8,0.051268799999999996,0.08827,0.00978464,0.00939445,0.01406,0.00640039,0.0101746,0.0663072,0.023069799999999998,0.185823,0.257264,0.0381271,0.00885316,0.036093,0.0143843,0.015057399999999999,0.078608,0.07251260000000001,0.00992959,0.00461828
9,0.0861581,0.022225599999999998,0.0137888,0.00887429,0.0305108,0.16822,0.0123027,0.104236,0.0217707,0.0649269,0.0632436,0.0742817,0.00942946,0.0484511,0.0170087,0.06727480000000001,0.0763513,0.0577283,0.0177908,0.035426599999999996
10,0.0459699,0.025927,0.04382,0.0282973,0.0132892,0.0203368,0.468575,0.01255,0.00840706,0.0192111,0.021593599999999998,0.043254400000000005,0.02891,0.05976569999999999,0.0259781,0.0436084,0.0174745,0.0131941,0.0274914,0.0323467
11,0.28439699999999996,0.12130099999999999,0.00708941,0.021058599999999997,0.0639645,0.0698436,0.07046849999999999,0.011643299999999999,0.010809899999999999,0.027475299999999998,0.0184743,0.0740844,0.012570200000000002,0.0237771,0.005802399999999999,0.0480969,0.0508521,0.0296214,0.0242332,0.024437599999999997
12,0.031380200000000004,0.025329400000000002,0.00734185,0.0118249,0.0104824,0.0896513,0.0053299,0.136908,0.0222437,0.053771900000000004,0.030496,0.050276999999999995,0.00368061,0.00703256,0.00715923,0.156197,0.19531500000000002,0.138059,0.00831861,0.00920225
13,0.036300900000000004,0.0245366,0.0459652,0.0128345,0.031728,0.0450483,0.0757778,0.0672787,0.0920223,0.055786800000000004,0.0273848,0.019773,0.148948,0.0399332,0.0357394,0.0499156,0.0305935,0.0365724,0.06449980000000001,0.059361300000000006
14,0.0213645,0.102657,0.019181999999999998,0.0145336,0.014322,0.013846100000000002,0.0134202,0.389797,0.035784699999999996,0.07738930000000001,0.0306953,0.0181195,0.0102508,0.0159911,0.00899723,0.00685116,0.0286432,0.150028,0.0193528,0.00877349
15,0.0506438,0.134286,0.012132700000000001,0.00979684,0.021506599999999997,0.0208443,0.034285,0.0234506,0.0947308,0.058377599999999995,0.040824,0.020311199999999998,0.00735597,0.016801,0.213509,0.0700614,0.0192958,0.061913499999999996,0.0446838,0.045191
16,0.016320400000000002,0.05668009999999999,0.00643218,0.00490745,0.051733400000000006,0.015247899999999998,0.0349911,0.0192676,0.0417582,0.0561005,0.013485299999999999,0.00966387,0.0348639,0.08355850000000001,0.09150900000000001,0.25948699999999997,0.0231997,0.020249,0.0720879,0.0884572
17,0.09840700000000001,0.018883700000000003,0.0354597,0.037338199999999995,0.00733951,0.010931299999999998,0.050696899999999996,0.092019,0.034479,0.041186,0.0306195,0.18701199999999998,0.00337456,0.0520997,0.0100155,0.0747922,0.032846,0.06501649999999999,0.09393330000000001,0.023550599999999998
18,0.0323314,0.028321,0.017035400000000003,0.0156162,0.0767947,0.010579,0.022108900000000004,0.07410560000000001,0.0110339,0.36193400000000003,0.0637876,0.0150372,0.0241989,0.0187563,0.0192482,0.012684200000000001,0.0323322,0.100802,0.029152800000000003,0.034140300000000005
19,0.034462900000000005,0.0666667,0.027181599999999997,0.0174332,0.0163035,0.017264599999999998,0.0367886,0.020983,0.0183069,0.021561700000000003,0.0334679,0.0193487,0.433504,0.03935569999999999,0.0322823,0.0430987,0.05716330000000001,0.0196866,0.0240004,0.021138999999999998
20,0.26514899999999997,0.00858331,0.035399900000000005,0.0157772,0.00721021,0.061169600000000005,0.026314099999999997,0.022403799999999998,0.055072,0.0753875,0.025048400000000002,0.062135300000000004,0.0411489,0.039662300000000004,0.047439800000000004,0.0714682,0.0510475,0.0473577,0.017797900000000002,0.0244274
21,0.018650599999999996,0.026883400000000002,0.014363800000000001,0.0182873,0.039111,0.044460400000000004,0.0353373,0.0199804,0.030296899999999998,0.020302200000000003,0.0279738,0.02752,0.015387799999999998,0.08707369999999999,0.405301,0.0317783,0.0388356,0.041494199999999995,0.022199200000000002,0.034763999999999996
22,0.034669599999999995,0.023452,0.388077,0.09162100000000001,0.0160714,0.0378701,0.0448508,0.014850299999999999,0.0109079,0.016560400000000003,0.0141102,0.0440982,0.0072125,0.055414599999999994,0.00893086,0.0354327,0.0517057,0.0673742,0.0110709,0.0257197
23,0.13172999999999999,0.058732000000000006,0.06074209999999999,0.0809862,0.0310642,0.12176600000000001,0.0672206,0.0560433,0.032491700000000005,0.0609864,0.0410656,0.0362468,0.0075547,0.023962999999999998,0.0272007,0.040144900000000004,0.0390853,0.0384713,0.0171981,0.027306900000000002
24,0.0296908,0.044013,0.161003,0.007284100000000001,0.016793799999999998,0.05203290000000001,0.0510321,0.0115655,0.07920310000000001,0.08808669999999999,0.0326242,0.11602799999999999,0.012229299999999999,0.054934800000000006,0.08406369999999999,0.046588199999999996,0.0514752,0.042932099999999994,0.00626424,0.0121551
25,0.013626499999999998,0.275414,0.00485029,0.0236967,0.015108799999999999,0.0033632,0.0764768,0.0609477,0.00679895,0.07512819999999999,0.07969180000000001,0.0338946,0.0105117,0.0125091,0.00451393,0.0181098,0.242948,0.027308600000000002,0.0077351,0.00736746
26,0.0732702,0.036220499999999996,0.00483553,0.022975,0.00885185,0.279227,0.024925700000000002,0.00372819,0.053788199999999994,0.027929000000000002,0.0449158,0.012231200000000001,0.00347404,0.053030999999999995,0.23520300000000002,0.0510009,0.019471000000000002,0.0083673,0.028903199999999997,0.00765168
27,0.0138862,0.0575419,0.0313524,0.04926919999999999,0.034763499999999996,0.0252024,0.0424885,0.0234868,0.0363095,0.09481060000000001,0.0301416,0.027971100000000002,0.022890900000000002,0.360766,0.020526,0.0452466,0.0153873,0.039462300000000006,0.0170466,0.0114504
28,0.0625688,0.07539069999999999,0.0197573,0.0041325,0.218871,0.00443535,0.11413800000000002,0.0389727,0.00510446,0.0436324,0.028737099999999998,0.061454499999999995,0.0038294000000000006,0.0105194,0.00326818,0.08601349999999999,0.034896699999999996,0.0548687,0.0176029,0.11180599999999999
29,0.0322132,0.0919502,0.031383499999999995,0.0244164,0.041192599999999996,0.0248739,0.028075799999999998,0.06934989999999999,0.0392037,0.217813,0.0968596,0.0242294,0.030235400000000003,0.0669836,0.014167700000000002,0.0634899,0.012717200000000001,0.051270800000000005,0.012934399999999999,0.0266392
30,0.144076,0.0425019,0.016403599999999997,0.014503700000000001,0.0134018,0.08421210000000001,0.0289154,0.0361156,0.00876404,0.0424057,0.0732373,0.157408,0.010358200000000001,0.0562132,0.023925599999999998,0.157971,0.0357263,0.017085200000000002,0.0298522,0.00692348
31,0.0330166,0.0644605,0.0077843,0.014395500000000002,0.11025399999999999,0.020292599999999997,0.054958900000000005,0.0500972,0.00657794,0.034751699999999996,0.0771937,0.040813999999999996,0.0180111,0.00987713,0.0459532,0.23441399999999998,0.0708177,0.0436656,0.00946217,0.053201599999999995
32,0.020885499999999998,0.103328,0.008538500000000001,0.00649496,0.21770799999999998,0.012727200000000001,0.0747535,0.149122,0.0118256,0.0570565,0.0452426,0.0120853,0.0224909,0.0264469,0.038464099999999994,0.038639,0.053762800000000006,0.0256627,0.016418099999999998,0.058347800000000005
33,0.102967,0.135497,0.014180799999999999,0.031291900000000004,0.0254452,0.0609471,0.0140988,0.013937999999999999,0.013287700000000001,0.00728368,0.0146827,0.012999200000000002,0.0182827,0.014527700000000001,0.0090023,0.337301,0.092318,0.0385097,0.0101955,0.033244300000000004
34,0.0297238,0.0122416,0.0302353,0.012642,0.0148936,0.00921573,0.00982745,0.154291,0.136724,0.28865599999999997,0.0724344,0.00801566,0.0132375,0.059605,0.0358824,0.011431700000000001,0.014493700000000002,0.0548225,0.011996099999999999,0.0196321
35,0.035901199999999994,0.0553273,0.012932599999999999,0.028173700000000003,0.0545332,0.0117513,0.031868099999999996,0.0566033,0.019649200000000002,0.0324195,0.161772,0.0431301,0.0384824,0.212907,0.025406799999999997,0.024234400000000003,0.07879320000000001,0.028061799999999998,0.0196491,0.0284043
36,0.040725,0.0220007,0.12310399999999999,0.0467914,0.00769441,0.042314300000000006,0.0128013,0.102351,0.0101223,0.0580914,0.036824800000000005,0.123857,0.12113800000000001,0.0471196,0.0234842,0.028936,0.079378,0.044693699999999996,0.00727917,0.0212943
37,0.034324099999999996,0.0257223,0.0179111,0.0239238,0.0175308,0.017503400000000002,0.00746639,0.0093758,0.13430799999999998,0.00962186,0.0246127,0.0277198,0.0112017,0.0129488,0.5005029999999999,0.0472283,0.0180708,0.011015899999999999,0.038052300000000004,0.0109586
38,0.0478102,0.013526499999999999,0.0113154,0.00744383,0.0433689,0.06273909999999999,0.0256159,0.027352800000000003,0.0570451,0.0118211,0.0108896,0.11742000000000001,0.075164,0.20208299999999998,0.116147,0.059120900000000004,0.05601669999999999,0.0339079,0.00828742,0.012925299999999999
39,0.0509723,0.0762948,0.00876329,0.020649900000000002,0.013532299999999997,0.00629027,0.014771799999999998,0.10940599999999999,0.0140601,0.0968579,0.0996367,0.032907599999999995,0.00848858,0.013720699999999999,0.00309275,0.0538091,0.246153,0.110573,0.00820532,0.0118138
40,0.011559,0.023325,0.0121866,0.016599799999999998,0.0134275,0.0254445,0.06922060000000001,0.020326499999999997,0.21195,0.044033499999999996,0.0324398,0.0207226,0.00951522,0.0207625,0.392719,0.013430500000000001,0.017575599999999997,0.00805378,0.025838099999999996,0.0108694
41,0.351231,0.0377045,0.035569699999999996,0.0192268,0.0326094,0.026682599999999997,0.013040600000000001,0.0697273,0.016155799999999998,0.08882580000000001,0.017108599999999998,0.0202262,0.0250274,0.0166889,0.017475,0.022381799999999997,0.0268098,0.0919714,0.0190541,0.0524836
42,0.102967,0.135497,0.014180799999999999,0.031291900000000004,0.0254452,0.0609471,0.0140988,0.013937999999999999,0.013287700000000001,0.00728368,0.0146827,0.012999200000000002,0.0182827,0.014527700000000001,0.0090023,0.337301,0.092318,0.0385097,0.0101955,0.033244300000000004
43,0.0533006,0.039115,0.0170945,0.037047000000000004,0.0271038,0.014381799999999998,0.0310332,0.026310400000000005,0.0230986,0.0336367,0.022443,0.030770099999999998,0.0220838,0.0409601,0.040414,0.015373099999999999,0.0290675,0.029813599999999996,0.023620699999999998,0.44333199999999995
44,0.0541452,0.00890162,0.016168000000000002,0.0118769,0.139994,0.00664876,0.0948326,0.061737900000000005,0.00946323,0.186801,0.06475159999999999,0.016853299999999998,0.035118699999999996,0.060928699999999995,0.010534,0.00866124,0.0237882,0.031191700000000003,0.0774365,0.08016749999999999
45,0.0486431,0.025221900000000002,0.034452300000000005,0.0106782,0.0374593,0.08991560000000001,0.00914298,0.354652,0.014542700000000002,0.0384483,0.0421103,0.0392998,0.00897881,0.017754699999999998,0.0077277,0.024235,0.0641982,0.08782419999999999,0.0234341,0.021280900000000002
46,0.0382235,0.0322265,0.0174496,0.0172568,0.036192800000000004,0.0166357,0.0279267,0.100725,0.0129188,0.34110799999999997,0.0631749,0.06992000000000001,0.021794900000000002,0.0119168,0.00838013,0.043831199999999994,0.056964,0.0429081,0.0260765,0.0143709
47,0.00856384,0.0301745,0.0369665,0.029848400000000004,0.0747653,0.0082304,0.0404788,0.0851465,0.00937552,0.087525,0.0680941,0.032857599999999994,0.00723582,0.024380799999999998,0.0124875,0.0320925,0.12028399999999999,0.0555279,0.0278101,0.208155
48,0.0474781,0.035519199999999994,0.0167906,0.0118754,0.029740199999999998,0.0205966,0.031244499999999998,0.0220235,0.139656,0.0118138,0.0498401,0.017356299999999998,0.0089586,0.0333656,0.367627,0.08336589999999999,0.0265002,0.0181576,0.013550799999999998,0.014539700000000003
49,0.048070800000000004,0.0193336,0.033068400000000005,0.0106694,0.0268694,0.026220599999999997,0.0119414,0.13195,0.0416582,0.0160532,0.0217352,0.019204099999999998,0.00728667,0.0232016,0.0203491,0.0535977,0.0439802,0.41930100000000003,0.0103962,0.0151128
50,0.0110271,0.0359278,0.0207135,0.011693299999999998,0.041169300000000006,0.0046275,0.05484259999999999,0.0208407,0.028238,0.00926158,0.022007099999999998,0.025897000000000003,0.0126299,0.014401400000000002,0.010795200000000001,0.00984371,0.00897451,0.00701264,0.0213764,0.62872
